data/DEM_Curti.asc
ncols 483
nrows 641
xllcorner 2487289.5023187
yllcorner 4519797.0771414
cellsize 2.5
NODATA_value -9999
[rows 96 to 127 of 641, columns 360 to 431 of 483]
711.4936 712.3549 713.2059 714.0566 714.9078 715.7531 716.5745 717.3818 718.1794 718.9742 719.7719 720.571 721.3644 722.1495 722.9308 723.7252 724.5245 725.3212 726.122 726.9153 727.7281 728.519 729.2485 729.9235 730.5587 731.1744 731.7688 732.3593 732.9313 733.5244 734.1203 734.7243 735.3413 735.9641 736.601 737.2097 737.808 738.4791 739.185 739.9186 740.6761 741.4738 742.3263 743.2679 744.2042 745.103 745.9709 746.8528 747.7459 748.6425 749.5283 750.4391 751.3717 752.3118 753.2141 754.0862 754.9391 755.8006 756.6511 757.4859 758.3216 759.1489 759.973 760.8221 761.7137 762.6553 763.603 764.5121 765.3886 766.2343 767.0565 767.8909
710.4711 711.3039 712.123 712.9401 713.7598 714.5787 715.3931 716.2027 717.0104 717.8156 718.6071 719.3936 720.1727 720.9517 721.7249 722.5037 723.3008 724.1018 724.896 725.6833 726.4891 727.2885 728.0221 728.706 729.3553 729.9741 730.5853 731.1776 731.7578 732.3636 732.9441 733.5254 734.1418 734.7751 735.4182 736.0494 736.6632 737.3143 737.988 738.6566 739.3781 740.148 740.9736 741.8657 742.789 743.6797 744.5463 745.446 746.3291 747.243 748.1761 749.121 750.0353 750.9747 751.9069 752.8297 753.7465 754.6342 755.5103 756.3649 757.1995 758.0088 758.7814 759.6052 760.4615 761.3389 762.2327 763.1529 764.0303 764.8653 765.6803 766.5178
709.4343 710.2184 711.007 711.8288 712.6622 713.4065 714.2028 715.0182 715.8597 716.6816 717.4696 718.261 719.0199 719.7642 720.5348 721.3067 722.0909 722.8882 723.6852 724.478 725.2792 726.0561 726.7773 727.4756 728.142 728.7449 729.335 729.9113 730.5079 731.1258 731.712 732.295 732.9125 733.5338 734.1599 734.8024 735.4541 736.1092 736.7715 737.4068 738.0991 738.8304 739.627 740.4747 741.3594 742.2596 743.1553 744.0538 744.9582 745.9006 746.8846 747.8901 748.7966 749.715 750.664 751.6262 752.6172 753.5521 754.4118 755.2813 756.1237 756.9268 757.6816 758.4722 759.2724 760.0767 760.8964 761.7783 762.6411 763.4796 764.3199 765.163
708.3387 709.0855 709.9429 710.7798 711.4808 712.2165 713.0461 713.8369 714.6431 715.4893 716.3177 717.1351 717.9116 718.6426 719.3683 720.1293 720.9062 721.6898 722.4976 723.2995 724.0922 724.8362 725.5453 726.2541 726.906 727.4838 728.0221 728.5448 729.1664 729.7864 730.3879 730.9883 731.6084 732.2297 732.8447 733.4825 734.1403 734.8079 735.4803 736.1229 736.8167 737.5328 738.2865 739.1125 739.9667 740.8765 741.7937 742.7046 743.6459 744.6126 745.6535 746.7075 747.6301 748.5306 749.4783 750.4948 751.5558 752.5421 753.4095 754.2288 755.0542 755.862 756.6404 757.3848 758.1194 758.8539 759.6256 760.4349 761.2704 762.1158 762.9736 763.8198
707.0905 707.8635 708.6495 709.3655 710.0762 710.8809 711.7654 712.5833 713.3817 714.2347 715.1016 715.9569 716.765 717.5163 718.2365 718.9694 719.7374 720.5209 721.3386 722.1481 722.902 723.61 724.3129 724.9976 725.6082 726.1329 726.5386 727.0453 727.6802 728.3146 728.9362 729.5708 730.2002 730.83 731.4484 732.0869 732.7558 733.4349 734.1061 734.7585 735.4765 736.2152 736.9501 737.7576 738.6149 739.5347 740.5087 741.4946 742.4576 743.4323 744.4728 745.5069 746.4675 747.3961 748.36 749.4169 750.5044 751.5211 752.416 753.2214 753.9957 754.7906 755.5844 756.3262 757.0071 757.6356 758.3568 759.1385 759.9512 760.7901 761.6442 762.4901
705.7847 706.4967 707.2099 707.7652 708.2693 709.2841 710.2404 711.2022 712.1467 713.03 713.8474 714.6935 715.5585 716.3817 717.161 717.8875 718.6055 719.3895 720.1925 720.9845 721.6988 722.382 723.0629 723.6882 724.2466 724.6698 725.0272 725.5087 726.0811 726.6871 727.324 728.023 728.6844 729.3287 729.967 730.6188 731.2994 731.9792 732.6607 733.3433 734.0853 734.8353 735.5908 736.387 737.2664 738.2131 739.244 740.2789 741.2723 742.2787 743.2745 744.2754 745.2875 746.2839 747.2777 748.3446 749.4173 750.4255 751.3568 752.2222 753.0345 753.7875 754.5257 755.2245 755.8554 756.4161 757.0878 757.8425 758.6494 759.4866 760.3312 761.1724
704.3851 705.0692 705.7339 705.9745 706.2333 707.0952 708.2432 709.5356 710.6169 711.6002 712.4965 713.4178 714.2972 715.1846 716.0359 716.8013 717.5505 718.3376 719.0788 719.7931 720.4711 721.1201 721.7452 722.323 722.8336 723.1978 723.5422 723.9874 724.4979 725.0612 725.6735 726.3396 727.0114 727.685 728.3824 729.0866 729.7768 730.4578 731.155 731.8826 732.6445 733.4123 734.1818 735.0084 735.9028 736.8787 737.9291 738.9725 739.9876 740.9928 741.9992 743.0181 744.0576 745.1016 746.1265 747.1839 748.248 749.2709 750.3215 751.2881 752.1126 752.8336 753.4516 754.0829 754.6429 755.1939 755.8419 756.5696 757.3618 758.1855 759.0278 759.8636
702.9957 703.6876 704.1637 704.0844 704.2379 704.8679 705.8801 707.2584 708.5706 709.9086 711.0162 712.0642 712.9971 713.8456 714.7592 715.6446 716.4642 717.2617 717.9579 718.5912 719.226 719.8372 720.4082 720.9246 721.3761 721.7372 722.076 722.4731 722.9284 723.4266 724.0008 724.6371 725.3008 725.9995 726.73 727.4689 728.1959 728.9026 729.6276 730.3852 731.1586 731.9559 732.7609 733.611 734.5195 735.4955 736.5338 737.5844 738.6272 739.6581 740.6796 741.7148 742.7708 743.8272 744.8661 745.9045 746.9647 748.0115 749.1785 750.1785 751.0337 751.747 752.3823 752.9511 753.4315 753.9728 754.619 755.3292 756.096 756.8897 757.7216 758.5583
701.6787 702.2233 702.4396 702.28 702.2617 702.7645 703.6133 704.7022 705.946 707.5128 709.1117 710.3854 711.4799 712.4426 713.4401 714.3649 715.2297 716.0458 716.764 717.3969 717.9894 718.5521 719.0618 719.5068 719.8959 720.2545 720.5547 720.9086 721.3413 721.7839 722.2832 722.9033 723.5715 724.2635 725.0076 725.7697 726.5428 727.3019 728.0723 728.8649 729.654 730.4773 731.3297 732.2099 733.1326 734.1156 735.1305 736.1631 737.2184 738.2766 739.321 740.3581 741.4103 742.4734 743.5223 744.5612 745.5956 746.6509 747.8333 748.8992 749.7863 750.5481 751.231 751.7871 752.2586 752.7991 753.4338 754.117 754.8473 755.6131 756.4258 757.2588
700.2683 700.6191 700.6755 700.1561 700.1038 700.5019 701.2178 702.2059 703.4344 704.8967 706.5449 708.1382 709.6567 710.8738 711.9872 713.0176 713.886 714.744 715.5407 716.2158 716.7858 717.2982 717.741 718.1048 718.3526 718.6686 718.9272 719.2698 719.6945 720.1214 720.5919 721.1537 721.78 722.421 723.1846 724.0204 724.8394 725.6619 726.4924 727.3397 728.1622 728.9946 729.8772 730.7953 731.7418 732.722 733.7292 734.7635 735.8113 736.8663 737.9183 738.9644 739.9996 741.0456 742.0961 743.1453 744.2023 745.2534 746.3373 747.3997 748.3527 749.2253 749.9369 750.5066 751.0332 751.6317 752.2621 752.908 753.6179 754.3672 755.1541 755.9695
698.8333 698.908 698.8125 698.3315 697.8802 698.1519 698.7894 699.6841 700.8269 702.2807 703.845 705.4013 707.0985 708.8073 710.233 711.4359 712.4476 713.4226 714.309 715.0222 715.6025 716.0772 716.4329 716.5544 716.6843 716.9279 717.1818 717.5388 718.0122 718.4437 718.9084 719.4603 720.0297 720.6238 721.2866 722.1061 722.9554 723.8906 724.8461 725.7448 726.6265 727.5103 728.4332 729.3654 730.3315 731.3187 732.3303 733.3646 734.4083 735.451 736.4948 737.5391 738.5826 739.6241 740.6651 741.7181 742.7823 743.8337 744.86 745.8475 746.8293 747.7813 748.5629 749.1524 749.744 750.3867 751.033 751.7068 752.4172 753.153 753.9122 754.6965
697.22 697.2178 696.9348 696.2554 695.7797 695.847 696.3232 697.223 698.3317 699.7144 701.1735 702.7394 704.3536 706.0576 707.873 709.4995 710.7751 711.9321 713.0157 713.8148 714.381 714.8313 715.0223 715.0278 715.0919 715.2159 715.4244 715.7678 716.2276 716.7366 717.2252 717.7831 718.3778 718.9235 719.5574 720.2606 721.0349 721.906 723.0248 724.076 725.0533 726.0115 726.9863 727.9406 728.9075 729.9093 730.9321 731.9651 733.0037 734.0438 735.0851 736.1266 737.1678 738.208 739.2469 740.2855 741.3312 742.3708 743.3973 744.3785 745.3118 746.2326 747.087 747.7631 748.428 749.0891 749.7572 750.4628 751.1868 751.9141 752.6583 753.431
695.4037 695.272 694.9471 694.2086 693.6179 693.5858 693.9948 694.8403 695.894 697.0832 698.5388 700.0715 701.6799 703.3326 705.0372 706.8286 708.6201 710.1561 711.4377 712.5385 713.5079 713.9352 713.9161 713.7291 713.5629 713.5899 713.7254 714.0244 714.4495 714.9575 715.5009 716.1009 716.7494 717.3649 717.9801 718.6296 719.3192 720.1488 721.0963 722.1943 723.3623 724.4601 725.481 726.4836 727.4852 728.5064 729.5297 730.5622 731.5966 732.6357 733.675 734.7134 735.7506 736.7853 737.8185 738.8527 739.8838 740.9075 741.9235 742.9125 743.8492 744.7369 745.577 746.3496 747.0755 747.7635 748.4573 749.1772 749.9078 750.6461 751.3991 752.1723
693.1159 692.9451 692.4662 691.9042 691.4477 691.2778 691.6776 692.4677 693.4372 694.5194 695.9223 697.4379 699.0177 700.6537 702.3438 704.1432 706.1232 707.9731 709.5812 711.6579 713.1931 713.9268 712.8604 712.5861 712.1902 711.9507 712.0438 712.2751 712.6612 713.1552 713.7397 714.4021 715.1089 715.8335 716.5345 717.1548 717.8028 718.6071 719.5074 720.546 721.709 722.8385 723.9208 725.0073 726.0548 727.0995 728.1262 729.1561 730.1917 731.2292 732.266 733.3005 734.3325 735.3605 736.3885 737.4173 738.4454 739.4641 740.4719 741.4574 742.3969 743.2963 744.1459 744.9476 745.7062 746.4296 747.1564 747.8857 748.6232 749.3611 750.1235 750.9029
690.4314 690.2029 689.9277 689.6374 689.158 688.9799 689.3198 689.9866 690.8942 691.9139 693.2975 694.8001 696.36 697.9968 699.6873 701.3901 703.1887 704.9113 706.593 709.0583 712.0762 712.9791 711.947 711.0778 710.6346 710.2726 710.2108 710.4098 710.7657 711.293 711.943 712.6849 713.4636 714.2402 715.0156 715.7598 716.4838 717.2847 718.1465 719.0754 720.1006 721.1861 722.2972 723.485 724.6105 725.6757 726.7205 727.756 728.7911 729.8248 730.8583 731.8889 732.9154 733.9396 734.9634 735.9901 737.0145 738.0284 739.0406 740.0204 740.9602 741.8677 742.7288 743.5454 744.3174 745.074 745.8354 746.5836 747.3336 748.0795 748.8402 749.6172
688.0858 687.8791 687.6647 687.3766 686.9493 686.774 687.0124 687.5865 688.3789 689.329 690.6113 692.1503 693.7074 695.3341 696.9973 698.696 700.3265 701.9155 703.6499 705.429 707.9978 709.5928 709.1977 708.7951 708.3951 707.9547 708.0118 708.4285 708.8087 709.3804 710.1044 710.9231 711.782 712.678 713.5258 714.3119 715.1317 715.9781 716.8435 717.7296 718.6771 719.7009 720.7994 722.003 723.171 724.2511 725.3145 726.3569 727.3928 728.4228 729.4511 730.4788 731.5024 732.5223 733.543 734.571 735.588 736.597 737.6061 738.5883 739.5341 740.4484 741.3161 742.1443 742.9382 743.7154 744.49 745.2606 746.0272 746.795 747.5646 748.3381
685.7809 685.6599 685.4818 685.2457 684.7401 684.4913 684.6228 685.0396 685.733 686.6833 687.9788 689.4847 691.0377 692.6563 694.3293 696.0281 697.6583 699.3175 701.0707 702.6456 703.845 704.7854 705.0035 704.9597 705.0612 705.2133 705.5179 706.0964 706.8096 707.4498 708.2411 709.137 710.1454 711.1541 712.0892 712.917 713.7145 714.5723 715.4854 716.4179 717.359 718.3068 719.3962 720.5637 721.7464 722.8354 723.9055 724.9528 725.9925 727.0245 728.0504 729.0712 730.0908 731.1088 732.1261 733.149 734.1617 735.1666 736.1682 737.1526 738.1084 739.0379 739.9135 740.7557 741.5608 742.3428 743.1267 743.9178 744.7065 745.4932 746.2755 747.0525
683.4585 683.3861 683.2355 683.0151 682.5528 682.2759 682.2621 682.5412 683.1147 684.0377 685.3412 686.8079 688.3254 689.9547 691.6201 693.3035 694.9764 696.7491 698.4393 699.8716 701.0475 701.9199 702.4689 702.3856 702.5568 702.8653 703.217 703.8881 704.7298 705.5315 706.3887 707.3989 708.4963 709.5654 710.5474 711.4676 712.3397 713.1827 714.0623 715.0234 716.0137 716.9938 718.0651 719.2113 720.3458 721.4344 722.5018 723.5538 724.5952 725.6298 726.6548 727.6716 728.6826 729.6948 730.7092 731.7233 732.7343 733.7405 734.7418 735.7218 736.6829 737.6217 738.515 739.3569 740.1653 740.9577 741.7526 742.5598 743.3702 744.1702 744.9701 745.7661
681.1072 681.0848 680.9636 680.7737 680.5139 680.1491 679.9341 680.0844 680.5577 681.412 682.6212 684.1186 685.5932 687.2068 688.8086 690.4937 692.1325 693.7809 695.5013 696.9647 698.2632 699.3849 700.0688 700.2481 700.3658 700.7624 701.2099 701.8774 702.7599 703.6198 704.528 705.5351 706.6409 707.7711 708.8847 709.8815 710.7927 711.6586 712.5588 713.5452 714.5896 715.6714 716.759 717.8848 718.9716 720.0467 721.1116 722.1614 723.1993 724.2296 725.254 726.268 727.2747 728.2819 729.2926 730.3009 731.3065 732.3096 733.3148 734.301 735.2659 736.2153 737.1177 737.9661 738.7753 739.5743 740.3836 741.1968 742.0134 742.824 743.6404 744.4579
678.7326 678.7702 678.6981 678.5407 678.2791 677.9183 677.6364 677.6425 677.9872 678.7786 679.8961 681.3723 682.894 684.4268 686.0047 687.6843 689.3632 690.9385 692.6266 694.1441 695.4012 696.5911 697.4506 697.84 698.1584 698.6224 699.2292 699.9608 700.7882 701.6978 702.6844 703.7224 704.7816 705.8593 707.0602 708.2089 709.1655 710.0844 711.0461 712.0629 713.149 714.2759 715.4162 716.5419 717.6209 718.6912 719.7283 720.7704 721.8028 722.8298 723.8505 724.8595 725.8598 726.863 727.8704 728.8792 729.8841 730.8837 731.884 732.8722 733.8482 734.814 735.7161 736.5782 737.4 738.2078 739.0244 739.8391 740.6553 741.4739 742.3021 743.1364
676.2852 676.4179 676.4429 676.3351 676.0723 675.6324 675.3498 675.2374 675.3569 676.0116 677.1895 678.7191 680.2193 681.7587 683.3606 685.0463 686.7437 688.2987 689.7486 691.2365 692.613 693.8331 694.8473 695.5789 696.0355 696.4896 697.1761 697.9703 698.9141 699.8572 700.9224 701.9811 703.0198 704.0701 705.2145 706.4445 707.4886 708.4917 709.513 710.5747 711.7007 712.8504 713.9999 715.1462 716.2807 717.3657 718.3892 719.3918 720.414 721.4355 722.4481 723.4525 724.4524 725.4515 726.4554 727.4612 728.4675 729.4675 730.4582 731.4362 732.4087 733.394 734.3146 735.1876 736.0286 736.8584 737.685 738.4999 739.3165 740.1396 740.9623 741.7929
673.8705 674.0462 674.1166 674.0483 673.8128 673.387 672.9857 672.7092 672.7909 672.9715 674.4382 675.9268 677.5869 679.1506 680.6915 682.5236 684.2707 685.7776 686.9205 688.285 689.8359 691.108 692.2885 693.2338 693.8157 694.3608 695.1088 696.1301 697.2482 698.2307 699.1782 700.2421 701.3022 702.3828 703.5197 704.6636 705.7714 706.8509 707.9321 709.0518 710.2134 711.3777 712.5306 713.6992 714.8937 715.9921 717.0279 718.0219 719.035 720.0518 721.0539 722.0552 723.0566 724.0602 725.0636 726.0564 727.0435 728.0397 729.0437 730.0269 730.9933 731.9574 732.8896 733.7933 734.6686 735.5232 736.3526 737.1536 737.9797 738.8157 739.6472 740.4829
671.5173 671.6703 671.7407 671.6632 671.4922 671.2084 670.6248 670.4802 669.9955 670.0995 671.437 673.6551 675.3962 677.1282 678.7374 680.3101 682.0404 683.4644 684.5253 685.7726 687.2717 688.6517 689.7929 690.8266 691.6729 692.3271 692.9803 694.0952 695.2489 696.3113 697.3054 698.3248 699.4238 700.5215 701.675 702.8438 703.996 705.1385 706.2866 707.4645 708.6526 709.8271 711.0027 712.1999 713.4429 714.5606 715.5878 716.6052 717.6513 718.6697 719.6547 720.6395 721.6484 722.6738 723.686 724.661 725.6318 726.6253 727.6368 728.648 729.6252 730.5834 731.5271 732.4484 733.3399 734.1974 735.0098 735.8268 736.6676 737.517 738.3693 739.2136
668.9417 669.1721 669.3071 669.3421 669.3629 669.2349 668.8969 668.8379 668.4745 668.6302 669.7341 671.6329 674.0234 675.8693 677.3554 678.6974 680.0859 681.4362 682.5347 683.6979 685.0168 686.3798 687.5203 688.6007 689.5354 690.3176 690.9406 691.6097 692.7713 693.8142 695.0933 696.2623 697.486 698.5891 699.6609 700.8407 702.0585 703.3231 704.5825 705.811 707.0364 708.2601 709.489 710.7231 711.9392 713.0717 714.1574 715.2299 716.2753 717.2938 718.2933 719.2939 720.3052 721.3203 722.3314 723.3112 724.2928 725.2845 726.2891 727.2997 728.2838 729.2623 730.2194 731.1487 732.0513 732.9053 733.7314 734.5714 735.4191 736.273 737.1234 737.9686
666.0854 666.2794 666.6992 667.1497 667.6223 667.7497 667.6381 667.708 667.5982 667.8495 669.0796 670.9471 672.9907 674.7785 676.1619 677.3386 678.4215 679.6384 680.8764 682.0284 683.2608 684.4249 685.5457 686.655 687.6235 688.3668 688.9156 689.4816 690.1257 690.8155 691.9088 693.8064 695.2584 696.4816 697.6319 698.8544 700.0995 701.3705 702.7119 704.0334 705.2589 706.5778 707.9675 709.3107 710.584 711.7739 712.8667 713.8999 714.926 715.9503 716.9704 717.9866 719.002 720.0126 721.0212 722.016 723.0046 723.9985 724.9911 725.9904 726.9758 727.9649 728.9463 729.8895 730.8002 731.6757 732.522 733.3668 734.2162 735.0662 735.9099 736.7534
663.2001 663.8547 664.5211 665.4397 666.1965 666.5645 666.7222 666.9445 667.1786 667.6721 669.001 670.6557 672.1873 673.4917 674.7629 675.8676 676.9255 678.0605 679.2576 680.4669 681.606 682.6678 683.7784 684.9513 685.9072 686.6239 687.0458 687.5012 687.9958 688.3751 689.2382 690.7488 692.7339 694.1687 695.4659 696.8193 698.1486 699.4352 700.7912 702.1899 703.6151 705.0398 706.5178 707.9645 709.3175 710.5492 711.6558 712.6697 713.6387 714.6507 715.6876 716.7217 717.7417 718.7478 719.7554 720.7651 721.7656 722.7643 723.7502 724.7341 725.7161 726.7073 727.7034 728.6644 729.5829 730.4878 731.3577 732.2106 733.0562 733.8876 734.7261 735.5735
661.0035 661.9237 662.8481 663.9338 664.6973 665.3018 665.7704 666.1876 666.6958 667.4762 668.6592 669.7358 670.8776 672.0635 673.166 674.2463 675.3711 676.4992 677.6379 678.7852 679.9308 681.0447 682.1119 683.2319 684.1553 684.8482 685.2251 685.6386 686.0563 686.1994 686.8942 688.2669 690.0647 691.7823 693.4217 694.9351 696.3746 697.7781 699.1747 700.6555 702.1667 703.6411 705.1928 706.6584 708.0238 709.2614 710.3866 711.3772 712.3439 713.3841 714.4365 715.4874 716.5107 717.5165 718.5258 719.5392 720.5593 721.5647 722.5528 723.5184 724.4999 725.5081 726.5156 727.4768 728.3993 729.3065 730.1997 731.0662 731.913 732.7333 733.5674 734.4174
659.2369 660.2231 661.2257 662.269 663.1093 663.806 664.4375 665.0559 665.7224 666.5096 667.3535 668.3292 669.3882 670.4274 671.4952 672.5969 673.6966 674.8145 675.9523 677.0864 678.2155 679.3745 680.467 681.4832 682.392 683.0728 683.5424 683.8544 684.2838 684.3445 684.9404 686.1208 687.918 689.733 691.559 693.2397 694.85 696.3596 697.8145 699.2963 700.8699 702.3775 703.9277 705.3491 706.6976 707.9539 709.0638 710.0735 711.1205 712.1631 713.2184 714.2654 715.2902 716.3123 717.3295 718.3434 719.3593 720.3745 721.3709 722.348 723.347 724.356 725.3533 726.3102 727.2397 728.1464 729.0333 729.9063 730.7643 731.5923 732.4263 733.2718
657.6273 658.5964 659.6249 660.5998 661.4351 662.1902 662.9161 663.606 664.3439 665.033 665.8058 666.7264 667.6933 668.7178 669.7899 670.8778 671.9627 673.0751 674.2162 675.3522 676.4829 677.6282 678.738 679.7443 680.622 681.3174 681.8033 682.0942 682.5656 682.8093 683.3882 684.5016 686.1031 688.1056 690.0174 691.7327 693.4017 694.977 696.5272 698.0735 699.5961 701.1121 702.6148 704.0527 705.3911 706.6356 707.7645 708.8633 709.9259 710.9747 712.0318 713.0672 714.0884 715.1167 716.1402 717.1567 718.1702 719.1791 720.1821 721.1866 722.1995 723.2065 724.1902 725.1477 726.0814 726.989 727.8757 728.7494 729.6061 730.4459 731.2817 732.1208
656.0208 657.0262 658.0399 658.9863 659.8087 660.5314 661.21 661.9328 662.7131 663.3608 664.0924 664.9683 665.9182 666.9369 668.0029 669.0797 670.1771 671.3398 672.4927 673.619 674.7509 675.8851 677.024 678.0297 678.8683 679.5419 679.9926 680.3152 680.842 681.4209 682.2128 683.472 685.1678 686.9904 688.6623 690.3268 692.0112 693.6264 695.2065 696.7603 698.2962 699.8203 701.3331 702.7692 704.1157 705.3481 706.5231 707.6467 708.7278 709.7869 710.8445 711.8889 712.9117 713.9246 714.9443 715.9642 716.9804 717.9913 718.9981 720.0072 721.0196 722.0269 723.0212 723.9926 724.9314 725.8449 726.7322 727.6041 728.4542 729.2902 730.1259 730.9602
654.4239 655.4474 656.4192 657.3405 658.1868 658.8904 659.5607 660.239 660.9196 661.5944 662.335 663.1268 664.0721 665.0919 666.1457 667.2515 668.4296 669.6401 670.7988 671.9168 673.0233 674.1579 675.3174 676.2864 677.0938 677.7381 678.1734 678.5463 679.0698 680.0153 681.178 682.6374 684.2067 685.7327 687.329 689.0033 690.6707 692.2977 693.8972 695.4655 697.0242 698.5641 700.0672 701.485 702.8361 704.084 705.257 706.3932 707.4938 708.5706 709.6375 710.6948 711.7234 712.7341 713.7546 714.778 715.7977 716.8126 717.8253 718.8376 719.8485 720.8533 721.8564 722.8451 723.7885 724.7021 725.5923 726.4623 727.3098 728.1438 728.972 729.7985
652.83 653.8447 654.7992 655.7107 656.5614 657.2883 657.9594 658.6002 659.2332 659.9138 660.605 661.3163 662.1448 663.1766 664.2169 665.397 666.619 667.8604 669.0516 670.1793 671.2952 672.4107 673.553 674.5096 675.3198 675.9564 676.446 676.6106 676.8722 678.2916 679.8992 681.3773 682.8978 684.443 686.0498 687.7289 689.3799 690.9911 692.599 694.2006 695.7732 697.3089 698.7919 700.2103 701.5699 702.8285 703.9955 705.1224 706.2383 707.3362 708.4174 709.4815 710.524 711.5443 712.5693 713.5925 714.6136 715.6338 716.6513 717.6669 718.6789 719.69 720.6979 721.696 722.6495 723.563 724.4482 725.3158 726.168 727.0003 727.8188 728.6346
