data/DEM_Curti.asc
ncols 483
nrows 641
xllcorner 2487289.5023187
yllcorner 4519797.0771414
cellsize 2.5
NODATA_value -9999
[rows 224 to 255 of 641, columns 216 to 287 of 483]
-9999 -9999 -9999 -9999 -9999 -9999 -9999 -9999 -9999 -9999 -9999 -9999 -9999 -9999 -9999 -9999 -9999 -9999 -9999 -9999 -9999 -9999 -9999 -9999 -9999 444.8235 445.8195 446.608 447.3747 447.8746 448.2474 448.6257 448.9768 449.3146 449.6439 449.9665 450.2804 450.5932 450.9234 451.282 451.6284 451.9753 452.3194 452.6646 453.004 453.3279 453.5707 453.739 453.6602 452.9821 451.8366 450.5371 449.0406 447.5313 446.0983 444.5549 442.9982 441.5041 440.0178 438.6223 437.2917 436.1864 435.1921 434.2322 433.3613 432.4427 431.383 430.0966 428.6028 426.6918 425.7527 425.1683
-9999 -9999 -9999 -9999 -9999 -9999 -9999 -9999 -9999 -9999 -9999 -9999 -9999 -9999 -9999 -9999 -9999 -9999 -9999 -9999 -9999 -9999 -9999 -9999 440.7383 441.8537 442.8323 443.6244 444.268 444.8105 445.2161 445.5833 445.9052 446.1808 446.4589 446.7465 447.0356 447.3258 447.6327 447.9557 448.2867 448.6192 448.9525 449.2802 449.63 449.97 450.165 450.3444 450.3474 449.888 448.5897 447.2649 445.6326 443.8926 442.2917 440.6137 438.9196 437.2059 435.798 434.4457 433.2819 432.3083 431.3692 430.4981 429.6481 428.7216 427.4616 426.0206 424.4709 423.5275 423.012 422.7291
-9999 -9999 -9999 -9999 -9999 -9999 -9999 -9999 -9999 -9999 -9999 -9999 -9999 -9999 -9999 -9999 -9999 -9999 -9999 -9999 -9999 -9999 -9999 435.9609 437.4578 438.5499 439.5956 440.4387 441.1228 441.6554 442.1195 442.4929 442.7813 443.0437 443.295 443.5467 443.8049 444.0713 444.354 444.6472 444.9533 445.2669 445.5832 445.9229 446.2343 446.4945 446.7982 446.9982 446.8791 446.3145 445.2261 443.8701 442.1602 440.3162 438.4623 436.5607 434.5789 432.9192 431.6266 430.286 429.267 428.465 427.5532 426.7173 426.0319 425.1779 423.875 422.9034 422.0544 421.4274 421.1282 421.0884
-9999 -9999 -9999 -9999 -9999 -9999 -9999 -9999 -9999 -9999 -9999 -9999 -9999 -9999 -9999 -9999 -9999 -9999 -9999 -9999 -9999 -9999 -9999 432.5938 433.939 434.8438 436.031 436.955 437.5184 438.2291 438.8894 439.3268 439.6415 439.8976 440.167 440.4102 440.6264 440.8588 441.1069 441.3632 441.6328 441.9198 442.2184 442.5142 442.8055 443.0654 443.3246 443.5123 443.3466 442.7574 441.7996 440.5026 438.76 436.7872 434.6618 432.3315 430.1866 428.7436 427.4915 426.3764 425.4526 424.7344 424.0729 423.4622 422.8332 421.8562 420.5934 420.0057 419.6181 419.3376 419.1947 419.2856
-9999 -9999 -9999 -9999 -9999 -9999 -9999 -9999 -9999 -9999 -9999 -9999 -9999 -9999 -9999 -9999 -9999 -9999 -9999 -9999 -9999 -9999 428.5736 429.6112 430.6135 431.5363 432.5446 433.4783 434.1718 434.8223 435.5205 435.9906 436.364 436.6637 436.9595 437.2291 437.4588 437.6783 437.8943 438.1188 438.3604 438.6186 438.8887 439.1595 439.4085 439.6658 439.8985 440.0125 439.8157 439.2721 438.4024 437.1865 435.3189 433.2016 430.8531 427.6376 425.6447 424.9461 423.8484 422.9666 422.3033 421.6985 421.0629 420.5091 419.869 419.04 418.2666 417.7909 417.5818 417.3639 417.26 417.3804
-9999 -9999 -9999 -9999 -9999 -9999 -9999 -9999 -9999 -9999 -9999 -9999 -9999 -9999 -9999 -9999 -9999 -9999 -9999 -9999 -9999 426.3836 426.9175 427.4426 428.0748 428.8681 429.7495 430.541 431.1139 431.6651 432.1673 432.6602 433.1063 433.4448 433.7272 434.0156 434.2804 434.5153 434.7185 434.9045 435.1145 435.3421 435.5738 435.813 436.0285 436.2506 436.3855 436.5034 436.3785 435.8966 435.0428 433.8325 431.8302 429.4856 427.0715 424.1949 422.5298 421.683 420.739 420.0994 419.5177 418.7859 417.9504 417.2645 416.9234 416.7976 416.3727 415.9606 415.6242 415.4259 415.3366 415.4047
-9999 -9999 -9999 -9999 -9999 -9999 -9999 -9999 -9999 -9999 -9999 -9999 -9999 -9999 -9999 -9999 -9999 -9999 -9999 -9999 423.9185 424.3083 424.802 425.2951 425.8 426.5869 427.2798 427.795 428.2953 428.7676 429.2022 429.5954 429.9471 430.2734 430.5867 430.8708 431.1162 431.3355 431.5269 431.7014 431.8753 432.0542 432.2504 432.4498 432.6128 432.7959 432.907 433.0298 432.8332 432.3566 431.6139 430.4426 428.5713 426.0894 423.9333 421.7607 420.3312 419.0912 418.2 417.5513 416.7087 415.7692 415.1184 414.6132 414.3326 414.4534 414.3261 413.9797 413.6199 413.4047 413.2898 413.326
-9999 -9999 -9999 -9999 -9999 -9999 -9999 -9999 -9999 -9999 -9999 -9999 -9999 -9999 -9999 -9999 -9999 -9999 -9999 -9999 421.752 422.2088 422.7988 423.2656 423.7822 424.2853 424.7498 425.2066 425.6491 426.0668 426.4389 426.733 426.9838 427.2243 427.5004 427.802 428.0588 428.2296 428.3673 428.4925 428.6409 428.7926 428.9459 429.0953 429.2083 429.3245 429.4536 429.469 429.2573 428.7149 428.0311 426.9891 425.3406 423.2435 421.3344 419.7029 418.1672 416.921 416.0466 415.1919 414.3007 413.5867 413.186 412.7939 412.6193 412.6488 412.3074 411.9673 411.6374 411.365 411.2089 411.1939
-9999 -9999 -9999 -9999 -9999 -9999 -9999 -9999 -9999 -9999 -9999 -9999 -9999 -9999 -9999 -9999 -9999 -9999 -9999 419.2339 419.7061 420.1814 420.674 421.1341 421.5592 421.9812 422.3711 422.7423 423.1766 423.5675 423.8711 424.0063 424.1706 424.3996 424.6672 424.9063 425.0477 425.1372 425.2216 425.3391 425.4623 425.5634 425.6687 425.7741 425.8309 425.9215 426.0332 425.9942 425.7619 425.3822 424.7381 423.7933 422.5282 420.8149 419.0252 417.4547 416.0898 414.9219 413.9466 413.114 412.3459 411.7955 411.5633 411.3414 411.0645 410.6939 410.3056 409.9401 409.6108 409.3103 409.103 409.045
-9999 -9999 -9999 -9999 -9999 -9999 -9999 -9999 -9999 -9999 -9999 -9999 -9999 -9999 -9999 -9999 -9999 -9999 416.7857 417.1506 417.567 417.9879 418.4533 418.9028 419.3392 419.7268 420.049 420.3601 420.68 420.9981 421.2732 421.4216 421.55 421.7194 421.9109 422.0345 422.0922 422.1436 422.2333 422.2784 422.311 422.3578 422.4279 422.5134 422.5371 422.5398 422.5661 422.5625 422.3558 421.9569 421.428 420.6739 419.7652 418.4076 416.9719 415.4311 413.9809 412.917 412.0286 411.1852 410.5628 410.1548 409.8859 409.566 409.1844 408.7812 408.3518 407.9372 407.6556 407.3431 407.0238 406.9207
-9999 -9999 -9999 -9999 -9999 -9999 -9999 -9999 -9999 -9999 -9999 -9999 -9999 -9999 -9999 -9999 -9999 414.4405 414.7305 415.0893 415.4247 415.7904 416.1918 416.6252 417.0384 417.4031 417.6978 417.8741 418.0428 418.3491 418.6005 418.7769 418.9123 419.0502 419.1661 419.205 419.1793 419.2084 419.2379 419.2121 419.173 419.1862 419.2441 419.2702 419.2599 419.2173 419.1471 419.0787 418.9556 418.6479 418.1694 417.5481 416.7826 415.7882 414.6668 413.3222 412.0388 411.0098 410.1705 409.3828 408.8135 408.459 408.184 407.7511 407.289 406.8125 406.3509 405.9064 405.5105 405.1309 404.7518 404.4875
-9999 -9999 -9999 -9999 -9999 -9999 -9999 -9999 -9999 -9999 -9999 -9999 -9999 -9999 -9999 -9999 -9999 412.3651 412.6937 413.0244 413.307 413.6385 413.9782 414.3327 414.7069 415.056 415.332 415.4802 415.5372 415.6416 415.8188 416.0121 416.2707 416.4434 416.4403 416.4009 416.3284 416.3049 416.2543 416.2173 416.1516 416.1069 416.0764 416.0309 415.9477 415.86 415.7428 415.6017 415.5117 415.2901 414.9406 414.3834 413.7775 413.0598 412.1405 411.1461 410.0719 409.0659 408.3866 407.7751 407.2507 406.8579 406.3681 405.8185 405.2566 404.689 404.1521 403.619 403.0898 402.511 401.5113 401.1706
-9999 -9999 -9999 -9999 -9999 -9999 -9999 -9999 -9999 -9999 -9999 -9999 -9999 -9999 -9999 -9999 410.097 410.413 410.6837 410.9455 411.213 411.4893 411.7743 412.0808 412.4121 412.7293 412.9904 413.1525 413.2103 413.2702 413.4247 413.6575 413.8502 413.8235 413.7367 413.6603 413.565 413.4795 413.331 413.2412 413.1514 413.0256 412.9203 412.7831 412.6187 412.4753 412.299 412.1791 412.0459 411.8584 411.6133 411.2701 410.8031 410.2335 409.5565 408.8163 407.9662 407.2527 406.7391 406.1518 405.5548 404.9571 404.339 403.6598 402.9692 402.2795 401.7306 401.1625 400.5204 399.8091 398.8544 398.5105
-9999 -9999 -9999 -9999 -9999 -9999 -9999 -9999 -9999 -9999 -9999 -9999 -9999 -9999 -9999 407.8851 408.2344 408.5359 408.7559 408.9445 409.1935 409.4081 409.6469 409.9177 410.2078 410.4942 410.7356 410.9158 410.9857 410.9803 411.1672 411.3265 411.3289 411.2307 411.1243 411.0373 410.9272 410.7682 410.5635 410.3754 410.21 410.0399 409.8521 409.6299 409.3689 409.0129 408.7022 408.6603 408.6417 408.4243 408.2292 408.0473 407.787 407.1823 406.8105 406.4071 405.8506 405.359 404.8221 404.187 403.4366 402.7604 402.055 401.2615 400.5062 399.8307 399.2392 398.6629 397.9326 397.2876 395.8812 395.7668
-9999 -9999 -9999 -9999 -9999 -9999 -9999 -9999 -9999 -9999 -9999 -9999 -9999 -9999 405.8766 406.1528 406.4048 406.6872 406.8757 407.0609 407.3065 407.4589 407.6182 407.8905 408.1602 408.3887 408.55 408.7393 408.8105 408.7982 408.9019 408.856 408.7814 408.6429 408.6132 408.504 408.353 408.1612 407.9279 407.5533 407.2713 407.028 406.7061 406.4848 406.1352 405.6359 405.3023 405.1275 405.0641 404.7733 404.6137 404.7485 404.6605 404.4164 404.2057 404.0152 403.61 403.0877 402.5535 401.8866 401.0824 400.3401 399.5933 398.8504 398.1208 397.4337 396.8735 396.0613 395.3119 393.9462 390.549 393.8794
-9999 -9999 -9999 -9999 -9999 -9999 -9999 -9999 -9999 -9999 -9999 -9999 -9999 -9999 403.9845 404.1841 404.4207 404.6496 404.8691 405.0695 405.2809 405.4447 405.6261 405.89 406.0893 406.2285 406.3777 406.6086 406.7007 406.6642 406.4066 406.1855 406.0894 406.1617 406.1497 406.0156 405.8269 405.6225 405.3472 404.7722 404.2037 403.904 403.5524 403.3378 402.9481 402.4653 402.1511 401.9482 401.7121 401.5151 401.4995 401.6802 401.7307 401.7767 401.7355 401.5816 401.268 400.7819 400.2 399.5298 398.7641 397.9707 397.219 396.4845 395.7271 394.9993 394.207 393.0518 391.2861 389.353 389.5391 393.3148
-9999 -9999 -9999 -9999 -9999 -9999 -9999 -9999 -9999 -9999 -9999 -9999 -9999 401.6605 401.9469 402.1069 402.1611 402.3183 402.4582 402.7576 403.0781 403.2641 403.5518 403.8902 404.1333 404.2924 404.4441 404.5986 404.629 404.4663 404.0669 403.8433 403.781 403.8137 403.7289 403.5679 403.3556 403.138 402.8103 402.2104 401.5709 401.1551 400.8413 400.5133 400.1976 399.9054 399.6113 399.3404 399.1128 398.8996 398.8951 399.0397 399.1079 399.2524 399.3629 399.2662 399.0437 398.6399 398.0948 397.3979 396.5214 395.679 394.8785 394.042 393.1606 392.1362 391.3999 390.1947 390 389.1396 389.7982 392.848
-9999 -9999 -9999 -9999 -9999 -9999 -9999 -9999 -9999 -9999 -9999 -9999 399.6485 399.7001 399.8633 399.9689 399.9735 400.014 400.1228 400.3336 400.5915 400.8433 401.3461 401.827 402.4342 402.6946 402.8244 402.9508 402.612 402.4352 401.9776 401.6909 401.6199 401.527 401.3804 401.1854 400.9695 400.7151 400.374 399.8544 399.2872 398.9179 398.6727 398.5167 398.3268 398.0003 397.7117 397.5679 397.189 396.7266 396.5926 396.5572 396.7984 396.987 397.0994 397.2463 397.0731 396.6593 396.1778 395.5255 394.5762 393.6122 392.7575 391.6714 390.6343 390.0348 389.6583 389.1823 388.8601 389.2217 390.3582 392.6912
-9999 -9999 -9999 -9999 -9999 -9999 -9999 -9999 -9999 -9999 -9999 397.9989 397.9183 397.8777 397.8746 397.9001 397.8711 397.8974 397.9109 397.9069 398.0682 398.5013 399.0521 399.617 400.4225 401.0287 401.2643 401.2404 400.6581 400.4 400.0385 399.6852 399.4959 399.3324 399.1301 398.9049 398.7051 398.4311 398.1243 397.7335 397.3197 397.1419 396.9501 396.9232 396.7648 396.4045 396.213 395.9189 395.3772 394.6602 394.2158 394.1447 394.3557 394.4766 394.8088 395.0434 394.9798 394.6042 394.1028 393.5297 392.6889 391.7303 390.9513 390.1506 389.2886 388.7776 388.6852 388.6439 388.6393 389.2193 390.4304 392.7233
-9999 -9999 -9999 -9999 -9999 -9999 -9999 -9999 -9999 -9999 -9999 396.5138 396.3508 396.2066 396.0849 396.0115 395.9624 395.8622 395.742 395.7474 395.93 396.367 396.896 397.4714 398.2971 399.0126 399.3448 399.2614 398.7399 398.426 398.1048 397.7535 397.4537 397.2007 396.9691 396.7543 396.5679 396.3403 396.102 395.8517 395.695 395.5597 395.4114 395.3082 395.0717 394.7735 394.4371 393.9731 393.2946 392.364 391.6454 391.3526 391.2179 391.3271 391.8553 392.4214 392.494 392.3101 391.9512 391.4678 390.7951 389.9836 389.3169 388.7341 387.9935 387.6618 387.7589 388.0769 388.6337 389.398 390.7942 393.4698
-9999 -9999 -9999 -9999 -9999 -9999 -9999 -9999 -9999 -9999 395.1512 394.9956 394.8264 394.62 394.4201 394.2843 394.2084 394.0698 393.9251 393.9191 394.116 394.5253 395.0079 395.5299 396.2252 396.7581 397.1138 397.1059 396.7992 396.4754 396.1097 395.8112 395.5078 395.1937 394.9174 394.7211 394.5719 394.4381 394.2627 394.0807 393.9961 393.9177 393.7779 393.6472 393.3961 393.0643 392.6658 392.0988 391.3248 390.1638 389.1455 388.473 388.1311 388.3046 388.9154 389.6749 389.9512 389.9598 389.7492 389.4196 388.8735 388.1134 387.6772 387.245 386.7629 386.6843 386.9604 387.4805 388.3157 389.4943 391.1111 393.8734
-9999 -9999 -9999 -9999 -9999 -9999 -9999 -9999 -9999 393.553 393.6509 393.4692 393.2961 393.0708 392.8413 392.6779 392.6154 392.5482 392.4133 392.3926 392.6188 392.9606 393.3145 393.8336 394.4105 394.7439 394.9485 394.9774 394.8241 394.5153 394.1472 393.8425 393.5376 393.2377 392.9872 392.9047 392.8634 392.8079 392.6547 392.502 392.4006 392.3597 392.226 392.0846 391.8102 391.4166 390.9443 390.2869 389.4359 388.1867 386.8517 385.8368 385.1781 385.1178 385.952 386.6595 387.2515 387.5171 387.49 387.3148 386.705 386.2549 386.1185 385.8578 385.7197 385.906 386.3595 387.077 388.1164 389.4905 391.3613 394.1692
-9999 -9999 -9999 -9999 -9999 -9999 -9999 -9999 392.4094 392.2291 392.1851 391.9522 391.7549 391.5531 391.3515 391.1956 391.1056 391.0728 391.0161 391.0749 391.2773 391.522 391.8906 392.3384 392.7175 392.9278 393.082 393.0562 392.8326 392.5237 392.2016 391.8693 391.5921 391.3756 391.314 391.3698 391.3537 391.257 391.1846 391.0982 390.9669 390.8485 390.6954 390.5453 390.2613 389.8043 389.2779 388.5796 387.5658 386.0128 384.6223 383.344 382.5422 382.244 382.6525 383.6962 384.3745 384.9381 385.1988 385.2121 384.8503 384.7449 384.8327 384.8077 384.9432 385.366 386.0145 386.9391 388.1768 389.718 392.3168 395.1508
-9999 -9999 -9999 -9999 -9999 -9999 -9999 390.9509 391.0846 390.942 390.7267 390.455 390.2147 390.0338 389.8626 389.7059 389.5962 389.5491 389.5521 389.633 389.8043 390.0715 390.4815 390.8268 391.0564 391.2122 391.2716 391.19 390.901 390.5782 390.2863 389.9657 389.7313 389.6096 389.6557 389.724 389.6997 389.6561 389.6109 389.5689 389.4792 389.3489 389.197 389.0489 388.7705 388.3056 387.7606 386.9525 385.7688 384.0516 382.0452 380.7596 380.1311 379.8344 379.8704 380.4089 381.6394 382.2527 382.8274 383.1172 383.1557 383.4448 383.8871 384.2336 384.4999 385.0985 385.8603 386.9237 388.3346 390.0308 392.8247 395.803
-9999 -9999 -9999 -9999 -9999 -9999 -9999 389.3389 389.5988 389.4756 389.2521 388.952 388.6854 388.495 388.3224 388.173 388.0732 388.0299 388.0358 388.1199 388.2915 388.5428 388.9086 389.1787 389.3572 389.4576 389.4519 389.3367 389.041 388.7083 388.4264 388.1542 387.9411 387.8786 387.9556 387.9958 388.0027 387.9909 387.9949 388.0336 388.0424 387.9405 387.82 387.7114 387.4443 386.9353 386.2386 385.2281 383.9637 382.0207 380.0705 379.0557 378.4602 378.2249 378.1404 378.4807 379.279 379.846 380.3249 380.8462 381.4688 382.2398 383.0534 383.9075 384.5483 385.3111 386.1951 387.2192 388.5412 390.2718 392.7155 396.1361
-9999 -9999 -9999 -9999 -9999 -9999 387.9932 387.828 388.1452 387.9632 387.7036 387.4009 387.1472 386.9471 386.7697 386.6325 386.545 386.5007 386.5129 386.5964 386.7831 387.0322 387.2863 387.4848 387.6086 387.6458 387.6094 387.4416 387.1818 386.8931 386.5965 386.337 386.1708 386.1078 386.1379 386.2056 386.2413 386.2707 386.3563 386.4739 386.5565 386.5264 386.4604 386.3658 386.0746 385.514 384.6287 383.2597 381.8102 380.2292 378.8918 377.9499 377.5066 377.2681 376.9625 377.0144 377.3495 377.4379 377.7222 378.6774 379.819 380.9381 382.1632 383.3674 384.455 385.4637 386.4778 387.4858 388.7791 390.5854 393.1731 396.2567
-9999 -9999 -9999 -9999 -9999 386.7785 386.7338 386.6284 386.6668 386.4262 386.1265 385.8443 385.6097 385.3993 385.2207 385.0905 385.0054 384.9644 384.9828 385.0621 385.2466 385.4751 385.6324 385.7625 385.8373 385.8367 385.7553 385.5484 385.2996 385.0642 384.7808 384.5161 384.3594 384.2817 384.3045 384.3701 384.4177 384.4796 384.623 384.7983 384.9133 384.9197 384.8892 384.8176 384.5304 383.947 382.9424 381.4585 380.0801 378.982 378.0789 377.3382 376.8667 376.4762 375.9557 375.6864 375.5365 375.2443 375.4082 376.3511 378.0267 379.7447 381.335 382.8217 384.0974 385.3188 386.4296 387.5554 389.0058 390.933 393.6045 396.7068
-9999 -9999 -9999 -9999 385.1509 385.5182 385.5177 385.386 385.2008 384.9286 384.6089 384.3177 384.0765 383.8612 383.6811 383.5499 383.475 383.45 383.4625 383.5281 383.6985 383.8669 383.9808 384.0551 384.074 384.0345 383.9189 383.6905 383.4471 383.2054 382.94 382.7057 382.5442 382.4446 382.418 382.4491 382.4958 382.5563 382.6736 382.8386 383.0077 383.1723 383.3047 383.2852 382.9762 382.3508 381.5005 380.2646 378.8192 377.7716 376.9843 376.4542 375.9427 375.4099 374.7266 374.2436 374.0237 373.6939 373.8842 374.5782 376.1273 378.511 380.5547 382.3443 383.9318 385.4069 386.6242 387.7266 389.2167 391.1967 393.8008 396.9241
-9999 -9999 -9999 383.9388 383.7598 384.218 384.1719 383.9783 383.7443 383.4367 383.0947 382.7895 382.4929 382.3036 382.1344 382.0016 381.925 381.9284 381.9438 381.992 382.1033 382.2263 382.2864 382.3006 382.2719 382.1868 382.0382 381.8289 381.5795 381.3372 381.1141 380.9089 380.7295 380.5941 380.5079 380.4806 380.5041 380.535 380.6388 380.7738 380.9092 381.2208 381.562 381.5666 381.2374 380.607 379.7002 378.7041 377.5406 376.5728 375.822 375.1431 374.5403 374.0598 373.4998 373.0471 372.8598 372.5964 372.7835 373.3924 374.6806 376.8722 379.7857 381.8652 383.7743 385.4691 386.8685 388.0101 389.5065 391.6002 394.3117 397.2876
-9999 -9999 -9999 383.2171 382.7227 382.9751 382.8303 382.5514 382.2478 381.9245 381.6007 381.2369 380.9317 380.7183 380.5782 380.4608 380.3692 380.3534 380.3709 380.3901 380.4641 380.5334 380.5324 380.5038 380.4401 380.3269 380.1703 379.9629 379.7152 379.4804 379.272 379.0641 378.868 378.7089 378.5959 378.5286 378.5098 378.5049 378.5535 378.666 378.7814 379.0712 379.426 379.4601 379.0684 378.1675 377.1254 376.2253 375.4293 374.6998 373.987 373.3462 372.8498 372.439 372.133 371.9059 371.8323 371.7437 372.0915 372.6652 373.7807 375.7272 378.8967 381.3527 383.502 385.3929 386.8255 388.0968 389.8115 391.969 394.713 397.6245
-9999 -9999 383.0863 382.7305 381.9129 381.7181 381.4376 381.0934 380.7564 380.4374 380.1088 379.748 379.4473 379.2231 379.0688 378.9449 378.8252 378.7743 378.7618 378.7481 378.7537 378.7773 378.7479 378.6818 378.5845 378.4593 378.2993 378.1057 377.8696 377.6273 377.4111 377.1989 376.9992 376.825 376.6808 376.5708 376.4956 376.4399 376.4178 376.4602 376.524 376.5745 376.7832 376.7813 376.2735 375.3451 374.2333 373.3325 372.4977 371.9138 371.534 371.1509 370.7859 370.4891 370.3076 370.3318 370.4977 370.7732 371.4419 372.2062 373.4003 375.3908 378.1265 380.8533 383.2176 385.3246 386.99 388.3713 390.1082 392.2789 394.9343 397.7927
-9999 382.0651 382.2137 381.8311 380.8293 380.3176 379.9805 379.627 379.29 378.9747 378.6706 378.3456 378.0417 377.8032 377.643 377.5023 377.3478 377.2161 377.1504 377.0927 377.0453 376.99 376.9249 376.843 376.7273 376.5749 376.4162 376.2278 376.0099 375.7821 375.5615 375.3389 375.1278 374.9381 374.7636 374.6173 374.4941 374.3843 374.304 374.253 374.2028 374.0992 374.0753 373.9706 373.4006 372.2453 370.8654 369.8849 369.3018 368.921 368.7396 368.6307 368.3241 368.0384 368.0047 368.1179 368.3284 369.4515 370.5025 371.7724 373.2376 375.2326 377.8574 380.4223 382.9699 385.244 387.0983 388.7065 390.6019 392.8647 395.4071 397.9932
