data/DEM_Curti.asc
ncols 483
nrows 641
xllcorner 2487289.5023187
yllcorner 4519797.0771414
cellsize 2.5
NODATA_value -9999
[rows 576 to 607 of 641, columns 0 to 71 of 483]
104.6004 104.8299 104.7617 104.9399 105.1652 105.4351 105.7633 106.1595 106.6317 107.1927 107.7914 108.244 108.5322 108.7467 108.9662 109.2342 109.481 109.6856 109.8616 110.0247 110.2086 110.4348 110.7059 111.0087 111.3131 111.6363 111.9771 112.3544 112.7524 113.1571 113.5594 113.9545 114.3411 114.7215 115.1004 115.4784 115.8468 116.2 116.5356 116.8541 117.1581 117.4515 117.7396 118.0277 118.3211 118.6242 118.9398 119.2689 119.6099 119.9577 120.3085 120.6747 121.0654 121.4819 121.9197 122.3701 122.8216 123.2618 123.6787 124.0623 124.4045 124.7044 124.9752 125.1858 125.1942 125.1955 125.3525 125.5468 125.7511 125.9675 126.1969 126.4397
104.6126 104.855 104.9156 105.105 105.3623 105.6797 106.0547 106.4829 106.9662 107.4852 108.0214 108.5658 108.974 109.2323 109.4032 109.5447 109.7041 109.8959 110.092 110.2826 110.4722 110.6718 110.895 111.152 111.4444 111.7603 112.0718 112.4162 112.7651 113.1266 113.5163 113.9137 114.3048 114.6843 115.0554 115.427 115.796 116.1558 116.5021 116.8325 117.1474 117.452 117.7511 118.0497 118.3528 118.6645 118.9878 119.3234 119.6698 120.0222 120.3797 120.7556 121.1562 121.5808 122.0234 122.4742 122.9213 123.3526 123.757 124.126 124.4559 124.7506 125.0177 125.2438 125.2994 125.2629 125.4092 125.6111 125.8222 126.0436 126.2757 126.5185
104.6547 104.9143 105.1143 105.3164 105.5788 105.9358 106.3759 106.8509 107.3442 107.8597 108.3641 108.8239 109.2274 109.5389 109.7383 109.8641 109.9608 110.0817 110.2749 110.4795 110.6945 110.9176 111.1378 111.3612 111.5996 111.8634 112.1568 112.4718 112.7857 113.1437 113.5078 113.8583 114.2231 114.6011 114.9742 115.3411 115.7045 116.0603 116.4063 116.7424 117.0696 117.3902 117.7071 118.0232 118.3412 118.6646 118.9982 119.3431 119.6979 120.0579 120.4238 120.8069 121.2114 121.6352 122.0711 122.5109 122.9472 123.3708 123.7731 124.1471 124.489 124.7992 125.0745 125.2753 125.3819 125.326 125.4607 125.6702 125.8881 126.1147 126.3499 126.5931
104.7199 104.9952 105.2702 105.578 105.9133 106.2809 106.7008 107.1933 107.7263 108.2272 108.7099 109.1402 109.4838 109.7464 109.9468 110.0934 110.1573 110.2369 110.4278 110.6259 110.8337 111.0515 111.2794 111.5174 111.7651 112.0208 112.2767 112.5437 112.8311 113.1387 113.4517 113.8119 114.181 114.5308 114.8835 115.2505 115.6147 115.9712 116.3184 116.6562 116.9863 117.3112 117.6341 117.9585 118.2876 118.6239 118.9691 119.3233 119.6846 120.0489 120.415 120.7928 121.1881 121.6015 122.0293 122.465 122.9003 123.3264 123.735 124.1198 124.4771 124.8079 125.112 125.2758 125.4199 125.3728 125.4978 125.7141 125.9382 126.1694 126.407 126.6499
104.8113 105.1095 105.4154 105.7555 106.1449 106.5883 107.0834 107.5947 108.0723 108.5517 109.0089 109.4124 109.7401 109.9692 110.124 110.2674 110.2597 110.3469 110.5332 110.7262 110.9279 111.139 111.3599 111.5907 111.8314 112.0818 112.3414 112.6098 112.8865 113.1706 113.4602 113.7621 114.0736 114.4226 114.7742 115.1109 115.447 115.781 116.1122 116.4418 116.7724 117.1075 117.4512 117.8078 118.1747 118.5385 118.9065 119.2846 119.6546 120.019 120.3845 120.7614 121.155 121.5657 121.9899 122.4211 122.8511 123.2716 123.6747 124.0546 124.4087 124.7382 125.0494 125.2345 125.4056 125.391 125.5109 125.733 125.9619 126.1965 126.4351 126.676
104.9025 105.2457 105.6084 106.0068 106.4445 106.915 107.4054 107.8994 108.3804 108.8345 109.2535 109.6192 109.9452 110.1497 110.2558 110.3565 110.2741 110.4001 110.5823 110.771 110.9675 111.1728 111.3875 111.6122 111.8468 112.0914 112.3455 112.6087 112.8806 113.1605 113.4478 113.7419 114.0424 114.3487 114.6612 114.9856 115.306 115.6315 115.9648 116.3063 116.6498 116.9943 117.3416 117.6986 118.0784 118.4712 118.8554 119.2315 119.6008 119.9654 120.3303 120.7051 121.0953 121.5016 121.9205 122.3457 122.7694 123.1822 123.57 123.9427 124.3008 124.6388 124.93 125.1442 125.3353 125.3698 125.4921 125.7183 125.9505 126.1863 126.4237 126.6603
104.9597 105.3266 105.717 106.1433 106.6064 107.098 107.6034 108.1046 108.5837 109.0257 109.422 109.7731 110.0926 110.2076 110.3117 110.3548 110.2361 110.3981 110.5774 110.7624 110.9544 111.1547 111.3644 111.5841 111.8141 112.0545 112.3049 112.5651 112.8343 113.112 113.3973 113.6896 113.988 114.2919 114.6006 114.9127 115.226 115.5408 115.8573 116.1776 116.5066 116.8541 117.2331 117.6218 118.0094 118.3943 118.7748 119.1499 119.5191 119.8835 120.2465 120.6166 121.0001 121.3978 121.8004 122.1991 122.5958 123.0002 123.4051 123.7891 124.1767 124.5214 124.7929 125.0119 125.2109 125.3013 125.4357 125.6642 125.8974 126.1322 126.3655 126.5946
104.9684 105.3372 105.7377 106.1832 106.6702 107.1825 107.6958 108.1958 108.6689 109.1001 109.4812 109.8127 110.1022 110.2577 110.295 110.2827 110.1945 110.3521 110.5293 110.7109 110.8991 111.0955 111.3016 111.5181 111.7456 111.9842 112.2337 112.4938 112.7639 113.0431 113.3307 113.6255 113.9266 114.2278 114.5272 114.8255 115.1238 115.4247 115.734 116.062 116.4169 116.7825 117.1559 117.535 117.917 118.2989 118.6777 119.0512 119.4185 119.7801 120.1381 120.4935 120.8497 121.2116 121.586 121.9821 122.3952 122.8045 123.2083 123.6494 124.0563 124.3838 124.6369 124.856 125.0417 125.1826 125.3396 125.5685 125.8005 126.0313 126.2573 126.4729
104.9482 105.311 105.7034 106.1423 106.6278 107.1475 107.6807 108.2027 108.6889 109.1191 109.4821 109.7855 110.0469 110.2468 110.2297 110.1758 110.1534 110.2792 110.4539 110.6325 110.8178 111.0118 111.2161 111.4318 111.6597 111.8999 112.1524 112.4169 112.6926 112.9789 113.2727 113.5651 113.8567 114.1488 114.4426 114.7389 115.0393 115.3475 115.669 116.0033 116.3511 116.7113 117.0814 117.4585 117.8386 118.2176 118.5905 118.9543 119.3109 119.6558 119.988 120.3139 120.6489 121.0041 121.3819 121.7727 122.1699 122.5836 123.0603 123.5029 123.8565 124.1582 124.4342 124.6563 124.8416 125.0172 125.2066 125.4341 125.6623 125.8819 126.0834 126.2842
104.9329 105.2884 105.6749 106.1093 106.5915 107.1092 107.6417 108.1643 108.6525 109.0865 109.4552 109.76 110.021 110.1905 110.1479 110.0738 110.1082 110.1973 110.3693 110.5457 110.7294 110.9228 111.128 111.3462 111.5782 111.8246 112.0853 112.36 112.6422 112.9245 113.2091 113.4971 113.7887 114.0834 114.3806 114.6817 114.988 115.3006 115.6236 115.9593 116.3081 116.6682 117.0357 117.405 117.7696 118.1289 118.4798 118.8213 119.1545 119.4823 119.8079 120.1338 120.465 120.8077 121.165 121.5362 121.946 122.4153 122.8318 123.1844 123.5467 123.8855 124.1677 124.4045 124.618 124.8277 125.0458 125.2657 125.471 125.6695 125.8776 126.0984
104.9051 105.2554 105.6351 106.0618 106.5364 107.047 107.5736 108.091 108.5708 109.0013 109.3754 109.6932 109.9653 110.0986 110.077 110.0097 110.0614 110.1234 110.2931 110.4681 110.652 110.8476 111.0571 111.2819 111.5233 111.7813 112.0456 112.3142 112.589 112.8696 113.1545 113.4437 113.7381 114.0368 114.3392 114.6454 114.9557 115.2719 115.5973 115.9333 116.2776 116.6254 116.9715 117.3143 117.6541 117.9922 118.3302 118.6664 118.9987 119.3236 119.6423 119.957 120.2706 120.5946 120.9335 121.318 121.7166 122.08 122.4325 122.8334 123.2132 123.5507 123.8462 124.1208 124.3866 124.6419 124.8594 125.0496 125.2404 125.4486 125.6651 125.8337
104.8688 105.2182 105.5911 106.0071 106.4641 106.9489 107.4512 107.9538 108.4363 108.8794 109.269 109.5998 109.8798 110.099 110.0269 109.9966 110.0168 110.0707 110.2386 110.4139 110.6006 110.8018 111.02 111.2545 111.4964 111.747 112.0064 112.2743 112.5514 112.8361 113.1269 113.4225 113.722 114.0245 114.3295 114.6369 114.9471 115.2612 115.5806 115.9025 116.2274 116.556 116.8878 117.2232 117.5614 117.8986 118.2273 118.5402 118.8436 119.1447 119.4478 119.7546 120.0637 120.3779 120.7072 121.0307 121.3468 121.6841 122.0844 122.4699 122.836 123.1745 123.5056 123.84 124.1696 124.4242 124.6152 124.7964 124.9973 125.2033 125.3736 125.5613
104.8331 105.1844 105.5503 105.9517 106.3949 106.874 107.3743 107.8755 108.3546 108.7902 109.1716 109.4997 109.7777 110.0165 110.0042 109.999 109.9752 110.0451 110.2125 110.3904 110.5834 110.7899 111.007 111.2362 111.4786 111.733 111.9982 112.2728 112.5554 112.8445 113.1388 113.437 113.7378 114.0405 114.3442 114.6482 114.9519 115.2558 115.5624 115.8748 116.1953 116.5236 116.8561 117.1848 117.496 117.7858 118.0663 118.3472 118.6351 118.9328 119.2398 119.5522 119.8619 120.157 120.434 120.7088 121.0139 121.3759 121.7304 122.0874 122.4405 122.8051 123.1972 123.5995 123.9161 124.1273 124.3158 124.5278 124.7463 124.9287 125.1282 -9999
104.795 105.1447 105.5071 105.9033 106.34 106.8103 107.2972 107.7768 108.2422 108.682 109.0474 109.3625 109.632 109.857 110.0293 109.9917 109.9314 110.0426 110.2112 110.3914 110.5848 110.7919 111.013 111.2486 111.4981 111.7603 112.0336 112.3163 112.6064 112.9019 113.2009 113.5015 113.8021 114.1013 114.3984 114.6927 114.9846 115.2794 115.5839 115.8977 116.2153 116.5245 116.8088 117.0767 117.3418 117.6139 117.8988 118.1955 118.4978 118.8003 119.0987 119.3894 119.6696 119.9371 120.1936 120.465 120.7687 121.067 121.3788 121.7154 122.0823 122.5035 122.9471 123.3258 123.5699 123.7772 124.0226 124.2683 124.4728 124.6939 -9999 -9999
104.7562 105.1 105.4561 105.8434 106.2655 106.7124 107.1855 107.6732 108.1279 108.5178 108.8636 109.1665 109.4278 109.6499 109.8358 109.9174 109.9238 110.0494 110.2193 110.4043 110.6046 110.819 111.0488 111.2944 111.5551 111.8275 112.1093 112.3983 112.6926 112.9901 113.2887 113.5869 113.8833 114.1769 114.4673 114.7548 115.0403 115.3325 115.6293 115.9151 116.1871 116.4602 116.7385 117.0189 117.2992 117.5782 117.8553 118.1305 118.4041 118.6765 118.9483 119.2195 119.4899 119.7589 120.0249 120.2833 120.5249 120.7749 121.0683 121.4077 121.8136 122.256 122.6717 122.9557 123.1872 123.4746 123.7379 123.9723 124.2409 -9999 -9999 -9999
104.7214 105.0584 105.4048 105.7751 106.1807 106.6267 107.0951 107.5339 107.9297 108.2903 108.6174 108.9122 109.1761 109.4113 109.6207 109.8085 109.9376 110.0709 110.262 110.4541 110.6541 110.8687 111.1047 111.3656 111.6348 111.9097 112.1901 112.4757 112.7654 113.0579 113.3517 113.6455 113.938 114.2282 114.5157 114.8009 115.0848 115.3679 115.6488 115.9267 116.2012 116.4723 116.7404 117.0062 117.2703 117.5335 117.7962 118.0589 118.3214 118.5832 118.8433 119.1047 119.3677 119.6304 119.8905 120.0966 120.3033 120.5428 120.8317 121.1816 121.5819 121.9944 122.316 122.5728 122.8896 123.1632 123.4516 123.7905 -9999 -9999 -9999 -9999
104.6906 105.0212 105.3557 105.714 106.1113 106.5342 106.9394 107.3193 107.6772 108.0148 108.333 108.6323 108.9131 109.1763 109.4236 109.6575 109.8819 110.0911 110.318 110.5418 110.7662 110.9947 111.23 111.4748 111.7318 112.0038 112.2941 112.5975 112.8962 113.1899 113.4789 113.7635 114.0437 114.32 114.593 114.8641 115.1352 115.4072 115.6793 115.9507 116.2208 116.4889 116.7542 117.0158 117.2723 117.5221 117.7664 118.0132 118.263 118.5156 118.7705 119.0271 119.2843 119.5411 119.796 119.9222 120.1347 120.3688 120.6456 120.9767 121.3496 121.6905 121.9702 122.2911 122.5946 122.8911 123.3782 -9999 -9999 -9999 -9999 -9999
104.6678 104.9857 105.3087 105.6542 106.0221 106.383 106.7336 107.0771 107.4148 107.747 108.0728 108.3909 108.6997 108.9978 109.2844 109.5595 109.8245 110.0825 110.3368 110.5904 110.8456 111.1037 111.3655 111.631 111.9001 112.1724 112.4477 112.7261 113.0079 113.2943 113.5871 113.8771 114.157 114.4287 114.6942 114.9559 115.2191 115.4874 115.7573 116.0249 116.2859 116.5363 116.7822 117.0273 117.2723 117.5177 117.7636 118.0104 118.2582 118.5069 118.7565 119.0067 119.2571 119.5072 119.7564 119.7952 119.9882 120.2108 120.4713 120.784 121.1171 121.4141 121.7228 121.9876 122.3578 123.0042 -9999 -9999 -9999 -9999 -9999 -9999
104.6451 104.949 105.259 105.5794 105.8999 106.2239 106.5546 106.8928 107.2377 107.5869 107.9343 108.275 108.6062 108.9259 109.2326 109.5266 109.8091 110.0829 110.346 110.6042 110.8686 111.1485 111.4295 111.7108 111.9934 112.2778 112.5635 112.8497 113.1353 113.419 113.6995 113.9752 114.2451 114.5106 114.7741 115.0351 115.2971 115.5569 115.8153 116.0721 116.3273 116.5808 116.8327 117.083 117.3318 117.5792 117.8253 118.0703 118.3143 118.5576 118.8004 119.0427 119.2849 119.527 119.7694 119.7482 119.8751 120.0603 120.3199 120.6223 120.9181 121.186 121.4406 121.8844 122.6644 -9999 -9999 -9999 -9999 -9999 -9999 -9999
104.605 104.9036 105.2046 105.5091 105.8206 106.141 106.4709 106.8092 107.1542 107.5032 107.8533 108.2014 108.5446 108.8806 109.2079 109.5257 109.8351 110.1379 110.4324 110.7175 110.994 111.2643 111.5325 111.8055 112.0929 112.4023 112.7071 113.0021 113.2881 113.5658 113.8356 114.0981 114.354 114.6047 114.852 115.0989 115.3524 115.6126 115.8759 116.1396 116.4027 116.6642 116.9235 117.1801 117.4335 117.6836 117.9303 118.1737 118.414 118.6516 118.8869 119.1206 119.3535 119.5864 119.8203 119.7836 119.8093 119.9383 120.2109 120.4926 120.657 121.0336 121.485 122.3516 -9999 -9999 -9999 -9999 -9999 -9999 -9999 -9999
104.5629 104.8595 105.1579 105.4595 105.7683 106.0866 106.4149 106.7526 107.098 107.4486 107.8017 108.1544 108.5038 108.8477 109.1846 109.5141 109.8367 110.1547 110.4709 110.7864 111.1001 111.41 111.7137 112.0094 112.2962 112.5745 112.8467 113.1173 113.3937 113.6828 113.9619 114.2259 114.477 114.7176 114.9508 115.1815 115.4177 115.6635 115.9202 116.1873 116.4615 116.7369 117.0092 117.2769 117.5394 117.7961 118.0466 118.291 118.5296 118.7629 118.9917 119.2171 119.4403 119.663 119.887 119.8805 119.7978 119.865 120.1022 120.3303 120.6839 121.1501 122.0566 -9999 -9999 -9999 -9999 -9999 -9999 -9999 -9999 -9999
104.5415 104.8316 105.1232 105.4165 105.7163 106.026 106.3472 106.6801 107.0236 107.376 107.7348 108.0972 108.4578 108.8128 109.1614 109.5038 109.8362 110.1598 110.4791 110.7953 111.1091 111.4212 111.7325 112.043 112.3503 112.6521 112.947 113.2339 113.5122 113.7819 114.0429 114.2957 114.5399 114.7808 115.016 115.2476 115.4804 115.7181 115.9638 116.2191 116.4847 116.7594 117.0408 117.3246 117.6044 117.8749 118.1357 118.3867 118.6282 118.8609 119.086 119.3049 119.5194 119.7319 119.945 120.0044 119.8257 119.9294 120.1609 120.4134 120.8697 121.7696 -9999 -9999 -9999 -9999 -9999 -9999 -9999 -9999 -9999 -9999
104.5236 104.8026 105.0838 105.3661 105.6553 105.9565 106.2728 106.6052 106.9512 107.3081 107.6726 108.0406 108.414 108.7867 109.1508 109.5016 109.8388 110.1668 110.4908 110.811 111.1275 111.4404 111.7497 112.0558 112.359 112.6596 112.958 113.2527 113.5404 113.8187 114.0861 114.3424 114.5881 114.8246 115.0451 115.2759 115.509 115.7469 115.9915 116.2438 116.5036 116.7702 117.0429 117.3205 117.6009 117.8811 118.1574 118.4244 118.6768 118.9153 119.1418 119.358 119.5665 119.7701 119.9722 120.098 119.8879 120.0232 120.218 120.6346 121.481 -9999 -9999 -9999 -9999 -9999 -9999 -9999 -9999 -9999 -9999 -9999
104.481 104.7505 105.0236 105.2987 105.582 105.8788 106.1926 106.5241 106.8716 107.2343 107.6144 108.0026 108.3898 108.769 109.1352 109.4864 109.8244 110.1549 110.4827 110.8075 111.1288 111.4463 111.7595 112.0684 112.3727 112.6725 112.9677 113.2582 113.5443 113.8258 114.1029 114.3739 114.6353 114.8855 115.0741 115.2976 115.5308 115.7679 116.011 116.2612 116.5185 116.7821 117.0508 117.3227 117.5957 117.8674 118.1356 118.3979 118.6535 118.9003 119.1358 119.3566 119.5637 119.7615 119.9542 120.1049 120.0154 120.0893 120.438 121.1829 -9999 -9999 -9999 -9999 -9999 -9999 -9999 -9999 -9999 -9999 -9999 -9999
104.4147 104.6746 104.9388 105.2086 105.49 105.7881 106.1042 106.4436 106.8056 107.1841 107.5721 107.9626 108.3492 108.7265 109.091 109.4416 109.7801 110.1119 110.4418 110.7694 111.0941 111.4153 111.7324 112.0451 112.353 112.6559 112.9537 113.2463 113.5334 113.8151 114.0913 114.3619 114.6267 114.8857 115.1117 115.3124 115.5468 115.784 116.0262 116.2745 116.5292 116.7896 117.0545 117.3222 117.5905 117.8572 118.1199 118.3764 118.6245 118.8626 119.0896 119.305 119.509 119.7028 119.889 120.0663 120.0886 120.2761 120.8702 -9999 -9999 -9999 -9999 -9999 -9999 -9999 -9999 -9999 -9999 -9999 -9999 -9999
104.308 104.5628 104.8311 105.1098 105.3976 105.7015 106.0251 106.3687 106.7296 107.1038 107.4864 107.8725 108.2582 108.6413 109.0163 109.3744 109.7149 110.0448 110.3721 110.6983 111.0224 111.344 111.6624 111.9773 112.2883 112.5952 112.8978 113.1959 113.4894 113.7775 114.0587 114.3328 114.6005 114.8614 115.1208 115.3138 115.5492 115.7859 116.0264 116.2719 116.5229 116.7788 117.0386 117.3007 117.563 117.8234 118.0795 118.3291 118.5703 118.8013 119.0209 119.2287 119.4249 119.6111 119.7881 119.9858 120.1547 120.5416 -9999 -9999 -9999 -9999 -9999 -9999 -9999 -9999 -9999 -9999 -9999 -9999 -9999 -9999
104.1909 104.4565 104.73 105.0083 105.2915 105.5873 105.901 106.2351 106.5902 106.9654 107.3582 107.7606 108.1631 108.5542 108.9263 109.2824 109.6231 109.9532 110.2806 110.6081 110.9349 111.2602 111.5837 111.9046 112.2227 112.5365 112.8453 113.1483 113.4449 113.7345 114.019 114.2966 114.5658 114.8258 115.0777 115.2949 115.5294 115.7642 116.0012 116.2422 116.4876 116.7372 116.9901 117.2448 117.4994 117.7519 118.0001 118.2418 118.4751 118.6983 118.9104 119.1148 119.3087 119.4813 119.6517 119.9137 120.2009 -9999 -9999 -9999 -9999 -9999 -9999 -9999 -9999 -9999 -9999 -9999 -9999 -9999 -9999 -9999
104.0914 104.3486 104.6161 104.893 105.1764 105.47 105.7816 106.1172 106.4782 106.8612 107.2586 107.6589 108.0509 108.4365 108.8117 109.1736 109.5217 109.8592 110.1927 110.5259 110.858 111.1884 111.5166 111.8417 112.1629 112.479 112.7884 113.0924 113.3929 113.6873 113.9732 114.2491 114.5141 114.7679 115.0111 115.2371 115.4793 115.71 115.9416 116.1759 116.4137 116.655 116.8991 117.1447 117.3901 117.6335 117.8727 118.1057 118.3317 118.5601 118.7791 118.9742 119.1383 119.2585 119.5198 119.8106 -9999 -9999 -9999 -9999 -9999 -9999 -9999 -9999 -9999 -9999 -9999 -9999 -9999 -9999 -9999 -9999
103.9778 104.2341 104.5047 104.7852 105.0713 105.3663 105.6801 106.0177 106.3779 106.7543 107.1367 107.5267 107.9212 108.3137 108.6983 109.0706 109.4298 109.7745 110.1136 110.4513 110.7875 111.1214 111.4517 111.777 112.0958 112.412 112.7259 113.0348 113.3362 113.6281 113.9089 114.1777 114.4339 114.6778 114.91 115.1333 115.3925 115.6171 115.8413 116.067 116.2954 116.5267 116.7606 116.9959 117.2312 117.4648 117.7011 117.9498 118.1933 118.4148 118.6027 118.7532 118.8444 119.0128 119.3423 -9999 -9999 -9999 -9999 -9999 -9999 -9999 -9999 -9999 -9999 -9999 -9999 -9999 -9999 -9999 -9999 -9999
103.8765 104.1343 104.4034 104.6837 104.9733 105.2709 105.5834 105.9142 106.26 106.623 107.0046 107.399 107.8006 108.2085 108.6054 108.9804 109.3469 109.7011 110.0446 110.3834 110.7188 111.0497 111.3755 111.7006 112.0239 112.3433 112.6567 112.9622 113.2582 113.5436 113.8177 114.0793 114.3275 114.5596 114.783 115.0017 115.2575 115.4829 115.6981 115.9139 116.1318 116.3524 116.5754 116.8003 117.0423 117.3019 117.5622 117.8061 118.0193 118.1925 118.3242 118.4044 118.4576 118.7466 -9999 -9999 -9999 -9999 -9999 -9999 -9999 -9999 -9999 -9999 -9999 -9999 -9999 -9999 -9999 -9999 -9999 -9999
103.7855 104.0388 104.3058 104.5855 104.8752 105.1711 105.4756 105.7948 106.1359 106.5034 106.8975 107.3087 107.7172 108.1161 108.5137 108.901 109.2726 109.6271 109.9681 110.3027 110.6343 110.9646 111.2927 111.6184 111.9404 112.2577 112.5687 112.8716 113.1644 113.445 113.7105 113.9469 114.1886 114.4163 114.633 114.8577 115.0809 115.3097 115.5155 115.7212 115.9287 116.142 116.3797 116.6376 116.9028 117.1599 117.3935 117.5906 117.7436 117.8522 117.9246 117.891 118.0423 -9999 -9999 -9999 -9999 -9999 -9999 -9999 -9999 -9999 -9999 -9999 -9999 -9999 -9999 -9999 -9999 -9999 -9999 -9999
103.6935 103.9424 104.2055 104.4816 104.7682 105.0616 105.3645 105.689 106.0421 106.4212 106.8119 107.2111 107.62 108.0281 108.4275 108.8129 109.1817 109.5345 109.8761 110.2109 110.5432 110.8737 111.202 111.5275 111.849 112.1647 112.4723 112.7692 113.0438 113.2847 113.5393 113.7899 114.0229 114.2395 114.4627 114.6909 114.9025 115.1063 115.3037 115.5063 115.7285 115.9713 116.2277 116.4859 116.731 116.9485 117.1261 117.2565 117.3402 117.3877 117.3099 117.3197 -9999 -9999 -9999 -9999 -9999 -9999 -9999 -9999 -9999 -9999 -9999 -9999 -9999 -9999 -9999 -9999 -9999 -9999 -9999 -9999
