data/DEM_Curti.asc
ncols 483
nrows 641
xllcorner 2487289.5023187
yllcorner 4519797.0771414
cellsize 2.5
NODATA_value -9999
[rows 480 to 511 of 641, columns 144 to 215 of 483]
167.2832 167.6708 168.0202 168.3385 168.6641 169.0168 169.4003 169.8233 170.2585 170.6556 171.0076 171.3414 171.7195 172.0719 172.3085 172.4796 172.6264 172.7772 172.9768 173.1017 173.0701 173.0224 172.9299 172.7813 172.5926 172.3542 171.9357 171.4811 170.9264 170.3696 169.8451 169.1278 168.1479 167.2558 166.9237 167.3555 168.0945 169.4805 172.1992 178.3917 180.6221 180.4368 180.4674 180.838 180.7418 180.7591 180.9252 181.2463 181.2047 181.5894 181.87 182.0709 182.2277 182.3809 182.5707 182.8156 183.1126 183.4132 183.7044 184.0321 184.4113 184.8317 185.2682 185.7198 186.1957 186.6919 187.1925 187.6907 188.1961 188.6998 189.1944 189.6806
166.8933 167.2663 167.5954 167.9212 168.2776 168.6752 169.0979 169.5137 169.8943 170.2332 170.5821 170.9678 171.3196 171.5609 171.7174 171.8436 171.9361 172.0372 172.1511 172.1306 172.0245 171.9219 171.7992 171.5979 171.3732 171.1412 170.7598 170.2778 169.6752 169.0353 168.28 167.2319 166.101 165.57 165.8868 166.7736 168.6532 171.1384 174.4001 177.3333 178.5527 179.4731 179.9558 180.1725 180.2994 180.3391 180.5289 180.7922 180.953 181.297 181.5654 181.7873 181.9999 182.222 182.4697 182.75 183.0082 183.2371 183.4925 183.8021 184.1661 184.5777 185.0096 185.4518 185.9093 186.3791 186.8568 187.3529 187.86 188.364 188.8565 189.3537
166.5209 166.8744 167.2152 167.5959 168.0109 168.4257 168.8074 169.1545 169.4836 169.8073 170.1891 170.5438 170.7937 170.9516 171.0685 171.1467 171.189 171.2333 171.2215 171.1201 170.9799 170.8228 170.6633 170.4672 170.2113 169.9432 169.5699 168.9971 168.1634 167.4724 166.3386 165.6161 164.905 164.8831 165.6606 168.0163 170.2591 173.0626 175.1032 176.7684 178.0675 178.8558 179.2763 179.5463 179.7429 179.9414 180.1222 180.3462 180.6563 180.9864 181.2806 181.548 181.8011 182.0725 182.3622 182.61 182.8108 183.0247 183.276 183.5745 183.9374 184.3301 184.7492 185.1817 185.6195 186.067 186.5367 187.0264 187.5231 188.0134 188.5167 189.0203
166.1563 166.5282 166.9321 167.332 167.7074 168.0788 168.4352 168.7605 169.0539 169.3503 169.731 170.0061 170.1712 170.2892 170.3613 170.3944 170.3983 170.3781 170.3009 170.1687 169.9964 169.7989 169.5936 169.3655 169.07 168.6129 168.1715 167.482 166.5866 165.8942 165.1221 164.8068 164.5731 164.9402 166.7224 169.5537 171.7986 174.1113 175.453 176.4944 177.4466 178.0504 178.4992 178.8588 179.1259 179.3762 179.6692 179.9722 180.3226 180.6576 180.9594 181.2518 181.5621 181.8851 182.1571 182.3757 182.5897 182.8063 183.06 183.3767 183.7175 184.0862 184.4852 184.9055 185.332 185.7695 186.2263 186.6979 187.1718 187.6663 188.1717 188.6732
165.8252 166.2152 166.607 166.9987 167.3817 167.7425 168.0644 168.3384 168.5889 168.8465 169.1949 169.3936 169.5123 169.5842 169.6119 169.6094 169.5913 169.5257 169.3951 169.2166 169.0144 168.7391 168.4254 168.1497 167.7878 167.1199 166.6312 166.0452 165.4293 164.9731 164.5625 164.4476 164.8432 166.473 168.8775 171.0468 173.3443 174.8477 175.6053 175.8702 176.5902 177.1566 177.6429 177.9325 178.0894 178.5554 179.066 179.5625 179.9238 180.2408 180.5607 180.9082 181.2758 181.5999 181.8785 182.1196 182.3442 182.5867 182.878 183.1792 183.4956 183.8402 184.218 184.627 185.0482 185.4754 185.914 186.3603 186.8292 187.3179 187.8138 188.3038
165.5085 165.9147 166.3175 166.7068 167.0693 167.3903 167.6563 167.8969 168.084 168.2976 168.5905 168.7339 168.8055 168.8293 168.8195 168.7939 168.7436 168.6228 168.3847 168.1536 167.9386 167.6211 167.205 166.8995 166.4968 165.8901 165.4598 165.1014 164.7768 164.5613 164.4549 164.6847 165.7185 168.7121 170.613 172.5867 174.0438 174.9601 175.1427 175.2155 175.6225 176.1991 176.5175 176.6403 177.0229 177.638 178.3885 179.0062 179.4098 179.77 180.1306 180.5298 180.9167 181.2619 181.5619 181.8318 182.0992 182.3944 182.6832 182.9675 183.2664 183.592 183.9622 184.3535 184.7607 185.1778 185.5975 186.0316 186.4867 186.9578 187.433 187.9153
165.24 165.6515 166.0443 166.4076 166.7304 167 167.2246 167.4312 167.5487 167.7152 167.9372 168.0261 168.0506 168.0306 167.9876 167.9447 167.8363 167.6759 167.4095 167.083 166.8574 166.5623 166.1384 165.8349 165.4687 165.0981 164.8442 164.6005 164.3565 164.3552 164.6062 165.3996 167.9961 169.9799 171.4915 172.9301 174.1115 174.8363 175.0686 174.1007 174.3036 175.1074 175.3444 175.6152 176.12 176.8374 177.6632 178.2786 178.7672 179.2421 179.6954 180.1162 180.5174 180.8856 181.2219 181.5422 181.8696 182.1776 182.4621 182.7413 183.032 183.3639 183.7176 184.0818 184.4691 184.8739 185.2835 185.7029 186.1373 186.5814 187.0316 187.565
164.9931 165.3877 165.7506 166.0771 166.3586 166.5883 166.783 166.9307 166.998 167.1161 167.2598 167.2914 167.2729 167.2193 167.148 167.0893 166.9179 166.7338 166.5287 166.2102 165.9484 165.7099 165.3587 165.0994 164.8382 164.6095 164.4714 164.2884 164.1813 164.4338 165.069 166.8183 169.3097 170.6713 172.0264 173.2424 174.1689 174.6774 174.8558 173.5531 173.3661 173.8171 174.4302 174.934 175.4387 176.1157 176.8941 177.4831 178.0695 178.6808 179.2337 179.6839 180.1003 180.4977 180.8802 181.2574 181.61 181.9278 182.2208 182.5076 182.8183 183.1485 183.4704 183.8113 184.1763 184.5664 184.9644 185.369 185.7779 186.1875 186.6494 187.102
164.7375 165.0961 165.4257 165.7222 165.9703 166.168 166.3355 166.416 166.4474 166.5179 166.5811 166.5647 166.5092 166.4291 166.3411 166.2659 166.0622 165.8909 165.771 165.5532 165.3279 165.1468 164.8768 164.6151 164.4523 164.3564 164.3462 164.3108 164.3535 164.8498 166.1245 168.7443 170.3635 171.0083 172.1621 173.1626 173.8998 174.2934 174.4805 172.8604 172.8162 173.3174 173.8878 174.3552 174.8847 175.4922 176.1608 176.7445 177.4178 178.171 178.721 179.2252 179.6871 180.1167 180.5406 180.9473 181.3191 181.6563 181.9712 182.2888 182.6175 182.9184 183.2246 183.539 183.8938 184.2567 184.6347 185.0234 185.4048 185.7915 186.2138 186.6518
164.4435 164.7771 165.0851 165.3555 165.5743 165.7433 165.8703 165.9042 165.9085 165.934 165.9299 165.8769 165.7919 165.6907 165.5935 165.4987 165.3226 165.202 165.1581 165.0387 164.878 164.7507 164.6257 164.4231 164.2553 164.2962 164.4163 164.5484 164.7796 165.6263 167.9749 169.812 170.7882 170.9945 171.9327 172.75 173.3488 173.6732 173.9495 172.2386 172.4156 172.9294 173.3878 173.87 174.4231 174.9864 175.5481 176.1434 176.8901 177.6027 178.1846 178.7504 179.275 179.7493 180.1916 180.6156 181.01 181.3758 181.7273 182.0784 182.3886 182.6838 182.965 183.2864 183.6109 183.9439 184.2968 184.6614 185.0234 185.4032 185.7995 186.1729
164.1405 164.4518 164.7358 164.9784 165.1695 165.3136 165.4012 165.4035 165.3842 165.3709 165.3241 165.2391 165.1339 165.0153 164.9019 164.8067 164.6824 164.607 164.6224 164.6158 164.5066 164.4062 164.3752 164.3097 164.3208 164.3395 164.5629 164.8379 165.3493 167.2331 168.753 169.9512 170.6636 170.7626 171.5078 172.1701 172.5909 172.9219 173.2949 171.8468 172.131 172.5914 172.9786 173.4753 174.0053 174.5318 175.0647 175.6708 176.4097 177.0402 177.6652 178.2863 178.8726 179.3772 179.8354 180.2732 180.693 181.094 181.4848 181.8335 182.145 182.4273 182.7309 183.0315 183.3235 183.6313 183.9559 184.2864 184.6411 185.0081 185.3533 185.6731
163.8395 164.1252 164.3804 164.5902 164.7513 164.8758 164.9369 164.91 164.8651 164.829 164.7501 164.6334 164.5124 164.3767 164.2371 164.1345 164.0483 164.0136 164.0309 164.1888 164.2761 164.2174 164.2317 164.2943 164.3072 164.4303 164.6994 165.0777 165.8292 166.9336 168.2107 169.3531 170.1033 170.4758 171.0657 171.4774 171.7709 172.1451 172.5683 171.568 171.9011 172.2463 172.6564 173.1221 173.588 174.0733 174.6586 175.2797 175.9275 176.5443 177.1964 177.8627 178.4637 178.9848 179.4725 179.9311 180.3754 180.8091 181.211 181.5669 181.8846 182.1942 182.494 182.765 183.0407 183.3205 183.6046 183.9095 184.2484 184.5744 184.872 185.1874
163.5364 163.7955 164.0178 164.1913 164.3243 164.4429 164.4863 164.4292 164.3567 164.2952 164.1939 164.0511 163.9067 163.7413 163.5761 163.4553 163.3941 163.3622 163.3379 163.6013 163.9133 164.1381 164.1952 164.3753 164.4961 164.6196 164.8733 165.2815 165.9363 166.8714 167.9379 168.9232 169.6756 170.2207 170.5865 170.7932 171.0331 171.4125 171.8303 171.3242 171.6453 171.9587 172.3498 172.7277 173.1148 173.6771 174.3033 174.9129 175.5036 176.1205 176.7855 177.4483 178.0284 178.5825 179.1071 179.5974 180.0602 180.506 180.922 181.2977 181.6404 181.9595 182.2364 182.5017 182.7507 182.9931 183.2442 183.5319 183.8316 184.1049 184.374 184.6806
163.225 163.4567 163.6425 163.781 163.9143 164.037 164.072 163.9877 163.8908 163.8297 163.6482 163.4901 163.3313 163.1023 162.9188 162.7764 162.7265 162.6428 162.5701 162.9025 163.3655 163.8222 164.1831 164.4108 164.7081 164.9231 165.2038 165.7509 166.5903 167.5283 168.2931 168.923 169.4742 169.8906 170.0875 170.209 170.4541 170.7812 171.15 171.0643 171.3375 171.6588 171.9345 172.2249 172.7175 173.327 173.9354 174.5345 175.1315 175.7471 176.396 177.0095 177.605 178.1912 178.7525 179.2721 179.7514 180.2128 180.6459 181.0364 181.3892 181.697 181.9733 182.2164 182.4365 182.6492 182.8755 183.1382 183.383 183.597 183.8591 184.1277
162.899 163.0995 163.2471 163.3909 163.5374 163.6634 163.6995 163.5941 163.4813 163.4349 163.1163 162.9484 162.7724 162.4901 162.2789 162.1191 162.0675 161.8976 161.7932 162.1701 162.7347 163.3592 163.9338 164.4018 164.792 165.1641 165.6604 166.2959 166.9022 167.5518 168.2046 168.7589 169.1823 169.4054 169.5203 169.7104 169.9904 170.2749 170.5788 170.7396 171.0054 171.194 171.4086 171.8197 172.3721 172.952 173.564 174.1889 174.8008 175.4021 176.006 176.6045 177.2176 177.8288 178.4094 178.9443 179.4679 179.9426 180.3706 180.7587 181.1078 181.4145 181.6766 181.8999 182.0968 182.2853 182.4944 182.7119 182.8837 183.0593 183.313 183.5041
162.5479 162.7127 162.868 163.0153 163.1744 163.3149 163.3585 163.2398 163.1261 163.0838 162.698 162.4228 162.2384 161.9588 161.6758 161.5089 161.4463 161.19 161.0863 161.4921 162.1158 162.8541 163.5924 164.24 164.7646 165.226 165.7169 166.2724 166.8999 167.5556 168.1174 168.5158 168.7254 168.8212 169.01 169.273 169.5673 169.8646 170.1248 170.3577 170.5067 170.6656 171.0072 171.4736 172.0021 172.6024 173.2382 173.8729 174.4825 175.065 175.6446 176.244 176.8618 177.4733 178.0516 178.6446 179.1936 179.6646 180.0726 180.453 180.7971 181.0944 181.3432 181.5496 181.7271 181.8955 182.0817 182.231 182.3326 182.5031 182.7061 182.7924
162.16 162.3229 162.49 162.6761 162.8238 162.9749 163.028 162.9047 162.8025 162.7557 162.3703 161.9157 161.7309 161.4839 161.1388 160.9677 160.8863 160.584 160.5208 160.9418 161.5853 162.3848 163.2364 164.0864 164.8262 165.2126 165.7284 166.3205 166.9632 167.5362 167.9163 168.1116 168.2108 168.4057 168.6204 168.8911 169.215 169.503 169.7359 169.9459 170.011 170.2689 170.6578 171.1238 171.6699 172.2736 172.9057 173.5342 174.1421 174.7304 175.3113 175.9069 176.5125 177.1039 177.7311 178.3405 178.8819 179.3481 179.7845 180.1575 180.452 180.7364 180.9713 181.1622 181.3228 181.4761 181.6172 181.6695 181.7639 181.9154 182.0106 182.0403
161.7471 161.931 162.1026 162.3399 162.4695 162.6217 162.6815 162.5623 162.4774 162.4173 162.0688 161.4918 161.2471 161.0431 160.7001 160.5073 160.3989 160.1228 160.1272 160.5528 161.1767 162.0439 163.2821 164.423 165.0993 165.243 165.7877 166.3984 166.9781 167.3652 167.5704 167.7226 167.8969 168.0665 168.283 168.6103 168.9279 169.1536 169.3674 169.598 169.8413 169.9271 170.3326 170.804 171.3409 171.9254 172.5379 173.1677 173.7975 174.4109 174.9998 175.5802 176.1578 176.7699 177.386 177.9805 178.5182 179.036 179.553 180.0156 180.3058 180.3414 180.5604 180.736 180.8812 181.0144 181.0593 181.0911 181.1748 181.2618 181.2868 181.3013
161.3195 161.5121 161.7272 161.9742 162.09 162.2332 162.2924 162.1846 162.115 162.0345 161.7347 161.1226 160.7817 160.6188 160.3336 160.124 160.016 159.8086 159.8758 160.3078 161.1095 162.3539 163.6855 164.6956 165.311 165.2847 165.835 166.4036 166.8203 167.0709 167.2844 167.4525 167.5987 167.7695 168.0595 168.4021 168.6266 168.8161 169.0175 169.2426 169.5024 169.8042 170.0857 170.5411 171.0342 171.5791 172.1793 172.8182 173.4669 174.0963 174.6887 175.2517 175.8195 176.4091 177.008 177.581 178.1619 178.7613 179.2959 179.7131 180.0192 180.2148 180.1809 180.2733 180.4038 180.477 180.4771 180.5063 180.5625 180.59 180.5966 180.6092
160.8639 161.0669 161.3359 161.5557 161.6662 161.7905 161.8388 161.7479 161.6847 161.5798 161.3234 160.757 160.351 160.1979 160.0096 159.8141 159.7416 159.7186 159.799 160.2536 161.1847 162.4967 163.771 164.6677 165.2793 165.2673 165.7868 166.2372 166.5641 166.8271 167.0217 167.1751 167.3292 167.5596 167.913 168.1461 168.3195 168.4947 168.6873 168.9129 169.1838 169.5062 169.8774 170.2865 170.7428 171.2695 171.8652 172.5071 173.1594 173.7851 174.3649 174.9259 175.4802 176.0441 176.6063 177.1989 177.8294 178.414 178.896 179.2782 179.5755 179.7358 179.7498 179.788 179.8936 179.9208 179.8906 179.9035 179.9394 179.952 179.9536 179.9652
160.3801 160.6148 160.9045 161.0779 161.185 161.2822 161.3099 161.2363 161.1673 161.0395 160.8134 160.3613 159.9543 159.7669 159.7065 159.6093 159.5692 159.6724 159.9469 160.4442 161.3258 162.3829 163.4371 164.3185 164.8979 165.136 165.5906 165.9829 166.3037 166.5505 166.7413 166.9097 167.1024 167.439 167.6905 167.8615 168.0219 168.1897 168.3832 168.618 168.9044 169.2441 169.627 170.0516 170.5226 171.0571 171.6474 172.2625 172.8615 173.45 174.0342 174.5988 175.1388 175.6682 176.2224 176.8067 177.3748 177.8964 178.3708 178.754 179.0604 179.1889 179.193 179.2635 179.3655 179.3512 179.2877 179.2884 179.3186 179.325 179.3249 179.3416
159.8795 160.1507 160.42 160.5511 160.6438 160.7089 160.7108 160.6447 160.5627 160.4211 160.2148 159.9194 159.4865 159.2427 159.3109 159.4412 159.514 159.6556 159.9794 160.428 161.0834 161.9389 162.8763 163.7401 164.4118 164.8943 165.3176 165.6908 165.9989 166.247 166.457 166.6633 166.9555 167.2311 167.4156 167.578 167.7367 167.9111 168.1187 168.3694 168.6626 169.0096 169.4139 169.8674 170.352 170.8631 171.3954 171.9402 172.5162 173.1069 173.6904 174.249 174.7781 175.2896 175.8023 176.316 176.8251 177.3303 177.7715 178.1544 178.463 178.5724 178.595 178.7223 178.8185 178.7681 178.6968 178.6619 178.6906 178.6964 178.7059 178.7076
159.3703 159.6693 159.885 159.9839 160.0545 160.0873 160.0631 159.9909 159.8906 159.7405 159.555 159.2998 158.7887 158.5515 158.7613 159.0745 159.419 159.7608 160.1337 160.6675 161.3845 162.16 162.8932 163.581 164.1608 164.608 165.0049 165.3573 165.663 165.9285 166.174 166.4422 166.7395 166.9524 167.1351 167.3051 167.4812 167.6721 167.8891 168.1473 168.4556 168.8158 169.223 169.6653 170.1234 170.5847 171.075 171.6085 172.1826 172.7774 173.3618 173.8999 174.4019 174.8909 175.3557 175.8112 176.28 176.7244 177.1165 177.4964 177.7981 177.9052 177.9874 178.1583 178.2494 178.181 178.131 178.0289 178.0616 178.0754 178.1068 178.0579
158.8276 159.1271 159.3114 159.3631 159.3592 159.3814 159.3586 159.2236 159.0193 158.8297 158.6854 158.4321 157.9025 157.7331 158.0871 158.5875 159.1248 159.6383 160.1234 160.6409 161.2472 161.9376 162.66 163.3315 163.8558 164.2736 164.6557 164.9977 165.3098 165.6023 165.8887 166.1942 166.4455 166.6653 166.8664 167.0558 167.2467 167.4515 167.6807 167.9426 168.243 168.5855 168.9708 169.3921 169.8379 170.306 170.8111 171.3626 171.9444 172.5216 173.0459 173.5332 174.0059 174.4568 174.8896 175.3141 175.7224 176.0875 176.4496 176.8069 177.0951 177.22 177.3802 177.5661 177.6545 177.5998 177.5284 177.3996 177.4427 177.4765 177.4883 177.4084
158.2278 158.5068 158.7421 158.792 158.5054 158.4682 158.467 158.2738 157.9097 157.6744 157.5672 157.3596 156.9471 156.8963 157.3747 158.0346 158.7495 159.4862 160.0164 160.4939 161.076 161.7403 162.4293 163.0384 163.4841 163.8936 164.2751 164.6256 164.9527 165.2707 165.5869 165.8789 166.1435 166.3809 166.5947 166.7924 166.9855 167.1856 167.4049 167.6543 167.9425 168.2752 168.6534 169.0727 169.5492 170.0656 170.5894 171.1408 171.6945 172.2051 172.6842 173.1388 173.5743 173.9998 174.4027 174.7928 175.14 175.461 175.7907 176.1154 176.3864 176.5522 176.7554 176.9418 177.0323 177.0283 176.902 176.7874 176.8482 176.9146 176.8672 176.7854
157.563 157.9673 158.1722 158.2479 157.7292 157.4402 157.426 157.233 156.7711 156.5084 156.4145 156.2405 156.0649 156.1658 156.727 157.4867 158.5829 159.6502 160.1632 160.3726 160.9216 161.5404 162.1624 162.66 163.0734 163.4815 163.8743 164.2468 164.598 164.93 165.2476 165.5443 165.813 166.0526 166.2669 166.4636 166.6532 166.8476 167.0594 167.3002 167.5802 167.9062 168.2813 168.7033 169.2515 169.8099 170.3279 170.85 171.3516 171.8292 172.2872 172.7436 173.1654 173.5426 173.9014 174.2289 174.5341 174.843 175.1503 175.4426 175.6954 175.9011 176.1083 176.2866 176.386 176.4029 176.2749 176.2062 176.2924 176.3595 176.282 176.2182
157.0163 157.4408 157.5952 157.6699 157.1224 156.536 156.4111 156.2535 155.8334 155.5929 155.4935 155.3469 155.3668 155.6299 156.2105 157.4364 158.819 159.7126 160.3009 160.2691 160.7632 161.3113 161.8329 162.2363 162.6411 163.0536 163.4637 163.8615 164.2384 164.577 164.9272 165.189 165.458 165.6974 165.9103 166.1036 166.2875 166.4741 166.6764 166.9068 167.1766 167.494 167.864 168.3142 168.928 169.4925 169.985 170.4697 170.9577 171.4505 171.9295 172.3611 172.729 173.0719 173.3728 173.6435 173.9119 174.209 174.5113 174.7873 175.0256 175.2411 175.4414 175.608 175.7252 175.7454 175.6696 175.6685 175.7878 175.8325 175.7651 175.7309
156.5261 156.8578 156.981 157.022 156.5512 155.883 155.5982 155.486 155.1842 155.0004 154.9122 154.8093 154.9194 155.2992 156.0988 157.3364 158.6547 159.6475 160.229 160.4127 160.5767 161.0338 161.4355 161.8058 162.2031 162.6202 163.0615 163.4888 163.8683 164.2157 164.6093 165.0017 165.1132 165.3413 165.5525 165.7417 165.9185 166.0953 166.2853 166.5017 166.7567 167.0603 167.419 167.9319 168.5586 169.0974 169.575 170.0639 170.5743 171.074 171.5274 171.9128 172.2619 172.5619 172.8102 173.0535 173.2763 173.5553 173.8497 174.117 174.3392 174.561 174.7616 174.9227 175.0494 175.1019 175.1056 175.1828 175.3256 175.3706 175.335 175.3348
155.9993 156.196 156.303 156.2919 155.9262 155.3397 155.0093 154.9467 154.7893 154.6101 154.6323 154.5995 154.7236 155.1231 155.9468 157.1677 158.5026 159.5488 160.1572 160.2666 160.34 160.701 161.0269 161.3785 161.7756 162.2253 162.6766 163.0823 163.4756 163.8453 164.2761 164.7832 165.1617 165.1116 165.211 165.3986 165.5696 165.7362 165.912 166.1109 166.3462 166.6292 166.9752 167.5448 168.1267 168.6341 169.1074 169.6394 170.1518 170.6203 171.0364 171.4078 171.7309 171.9935 172.2161 172.4364 172.6223 172.8795 173.16 173.4061 173.5677 173.8025 174.0268 174.2112 174.3631 174.4659 174.5658 174.7484 174.9221 174.988 174.9885 175.0211
155.3916 155.4841 155.5499 155.4825 155.2146 154.7807 154.3738 154.4899 154.573 154.597 154.621 154.7559 154.8774 155.3821 156.3579 157.5712 158.6881 159.4668 159.9641 160.1631 160.0579 160.3264 160.6246 160.9748 161.3849 161.8237 162.2347 162.6765 163.0675 163.4606 163.9223 164.496 165.0773 165.3773 165.1887 165.0868 165.253 165.4127 165.5752 165.7551 165.9668 166.2227 166.5887 167.1275 167.6285 168.1109 168.5895 169.1558 169.6562 170.0832 170.4785 170.8249 171.124 171.3639 171.5835 171.7787 171.9432 172.1786 172.438 172.5689 172.7209 172.9708 173.2402 173.3376 173.5394 173.7037 173.9947 174.3406 174.567 174.6636 174.6929 174.7569
154.7049 154.7142 154.7024 154.6053 154.3794 153.8138 153.6246 154.106 154.3365 154.5321 154.7572 154.9576 155.2177 155.8537 156.713 157.6359 158.5241 159.2359 159.6997 159.7135 159.6809 159.9359 160.2238 160.5668 160.9603 161.3606 161.7944 162.2336 162.6405 163.0538 163.5396 164.1569 164.824 165.4184 165.5941 165.3028 165.0464 165.1273 165.2821 165.4453 165.6322 165.8568 166.2299 166.6554 167.0963 167.5176 168.0269 168.5888 169.072 169.4886 169.8561 170.1742 170.4518 170.6803 170.9001 171.0774 171.2362 171.4546 171.6563 171.6924 171.8704 172.1394 172.2597 172.3872 172.6029 172.9544 173.4621 173.9482 174.305 174.359 174.4319 174.5288
153.9848 153.8344 153.4471 153.3493 153.1575 152.5227 152.8569 153.7047 154.2834 154.4979 154.7288 154.976 155.2591 155.7432 156.4773 157.3706 158.257 158.9589 159.3145 159.1864 159.2738 159.5121 159.7774 160.109 160.4834 160.8874 161.3347 161.7477 162.1857 162.6163 163.1195 163.7611 164.4787 165.168 165.7071 165.7486 165.3951 165.0592 165.0242 165.1784 165.3445 165.5493 165.8432 166.174 166.5384 166.9014 167.4095 167.9149 168.3609 168.7775 169.1614 169.4821 169.7404 169.961 170.1705 170.3407 170.5083 170.7193 170.8399 170.8959 171.1038 171.3061 171.2457 171.4741 171.8011 172.3461 172.9689 173.5833 174.0689 174.1769 174.2336 174.3708
